/*--------------------------------*- C++ -*----------------------------------*\
| =========                 |                                                 |
| \\      /  F ield         | OpenFOAM: The Open Source CFD Toolbox           |
|  \\    /   O peration     | Version:  2606                                  |
|   \\  /    A nd           | Website:  www.openfoam.com                      |
|    \\/     M anipulation  |                                                 |
\*---------------------------------------------------------------------------*/
FoamFile
{
    version     2.0;
    format      ascii;
    arch        "LSB;label=32;scalar=64";
    class       volScalarField;
    location    "1.8";
    object      p;
}
// * * * * * * * * * * * * * * * * * * * * * * * * * * * * * * * * * * * * * //

dimensions      [0 2 -2 0 0 0 0];

internalField   nonuniform List<scalar> 
400
(
8.79131e-07
-0.000631364
-0.00135067
-0.00190817
-0.00218185
-0.00211622
-0.00168738
-0.000887302
0.000271472
0.00173966
0.00341534
0.00513605
0.00669413
0.00786845
0.00847889
0.00844631
0.00783769
0.00687629
0.00591593
0.0053538
0.000628528
-3.19819e-05
-0.000590377
-0.000972859
-0.00114659
-0.00107615
-0.000738458
-0.000120092
0.000777192
0.00192189
0.00323855
0.0046049
0.00585281
0.00680387
0.00731178
0.00731242
0.00685967
0.00612786
0.00536547
0.00479811
0.00139211
0.000477611
-0.00011242
-0.000453486
-0.000612803
-0.000582047
-0.000342821
0.000125637
0.000838154
0.00178563
0.002917
0.0041286
0.00526791
0.00615942
0.00664895
0.00665623
0.00621539
0.00547551
0.00462327
0.00381551
0.00197435
0.000733608
2.34222e-05
-0.000356708
-0.000566084
-0.000620682
-0.000504208
-0.00018412
0.000376726
0.00119613
0.00224743
0.00344166
0.00462441
0.00559894
0.00617287
0.00622082
0.00574135
0.00486713
0.00375748
0.00254802
0.00211345
0.000556335
-0.000294865
-0.000753635
-0.00106019
-0.00124796
-0.00129662
-0.00115554
-0.000758396
-5.32547e-05
0.000964222
0.00222524
0.00357054
0.00477013
0.0055694
0.0057653
0.0052912
0.00425226
0.00279509
0.00106902
0.00158427
-0.000249758
-0.00124381
-0.00181201
-0.00226291
-0.0026405
-0.00291431
-0.00300913
-0.00282159
-0.00225495
-0.00126052
0.000127798
0.00175383
0.00335119
0.00458011
0.00511753
0.00478226
0.00361749
0.00175138
-0.000623654
0.000200612
-0.00185593
-0.00298738
-0.00369463
-0.00434202
-0.00497929
-0.00556186
-0.00598485
-0.00609961
-0.00574998
-0.0048194
-0.00329136
-0.00128424
0.00090835
0.00284465
0.00403003
0.00409267
0.00294153
0.000642939
-0.00255094
-0.00217982
-0.00439487
-0.00565405
-0.00652951
-0.0074299
-0.00840946
-0.00940921
-0.0102926
-0.010859
-0.0108783
-0.0101412
-0.00853178
-0.00609573
-0.00311592
-0.000131838
0.00214037
0.00303405
0.00219577
-0.000480995
-0.00469839
-0.00564423
-0.00794879
-0.00932104
-0.0103877
-0.0115931
-0.0129996
-0.0145386
-0.0160446
-0.0172623
-0.0178751
-0.0175533
-0.0160332
-0.013224
-0.00932925
-0.00494311
-0.00102663
0.00134163
0.00135054
-0.00149979
-0.00695363
-0.0102132
-0.012539
-0.0139977
-0.0152562
-0.0167928
-0.0186879
-0.0208739
-0.0231644
-0.0252533
-0.0267315
-0.0271262
-0.0259804
-0.023001
-0.0182053
-0.0121435
-0.00598149
-0.00129655
0.000394649
-0.00217032
-0.00901535
-0.0158377
-0.0181253
-0.0196176
-0.0210175
-0.0228504
-0.0252341
-0.028117
-0.0313047
-0.0344489
-0.0370517
-0.0384879
-0.0380731
-0.0352743
-0.029785
-0.0219666
-0.0130531
-0.00510798
-0.000592032
-0.00204736
-0.0102464
-0.0224151
-0.0246231
-0.026045
-0.0274432
-0.0294319
-0.0321971
-0.0357221
-0.0398163
-0.0440992
-0.047993
-0.0507357
-0.0514418
-0.0491834
-0.04336
-0.0339526
-0.0220261
-0.00995377
-0.00126047
-0.000347601
-0.00943711
-0.0298366
-0.0319455
-0.0330983
-0.0342039
-0.0360568
-0.0389552
-0.0429325
-0.0478054
-0.0531639
-0.0583568
-0.0624919
-0.0644748
-0.0630999
-0.0573318
-0.0466722
-0.0317599
-0.0149392
-0.000684334
0.00429209
-0.00444662
-0.0380905
-0.0400752
-0.0405838
-0.04089
-0.0421343
-0.0447732
-0.0488886
-0.0542892
-0.0605188
-0.0668456
-0.0722531
-0.0754611
-0.0750071
-0.0694607
-0.0578046
-0.0400582
-0.018126
0.00297967
0.0141731
0.00824428
-0.0474782
-0.049174
-0.0483192
-0.0470271
-0.047015
-0.0489043
-0.0527826
-0.0584031
-0.0652205
-0.0723915
-0.078762
-0.0828731
-0.0830265
-0.0774527
-0.064664
-0.0440109
-0.0166258
0.0126075
0.0327882
0.0337602
-0.0590872
-0.0597517
-0.0561223
-0.0520757
-0.0500548
-0.0507108
-0.0540203
-0.0595942
-0.0667269
-0.074413
-0.0813241
-0.0858059
-0.0859284
-0.0796069
-0.0649487
-0.040706
-0.00711004
0.0318623
0.0646307
0.0784596
-0.0759481
-0.0729835
-0.0638749
-0.0555615
-0.0507952
-0.0498561
-0.0523991
-0.0577649
-0.0650074
-0.0728999
-0.0799028
-0.0841376
-0.0834197
-0.0753124
-0.0574953
-0.0281424
0.0133693
0.0647024
0.115069
0.151109
-0.106706
-0.0910356
-0.0716395
-0.0572948
-0.0491199
-0.0463812
-0.048135
-0.0532756
-0.0605224
-0.0683922
-0.0751273
-0.0786265
-0.076439
-0.0657214
-0.0435961
-0.00729488
0.0451767
0.113324
0.191138
0.271671
-0.17823
-0.114527
-0.074796
-0.0533069
-0.0422386
-0.0384073
-0.0400601
-0.0455198
-0.0531268
-0.061191
-0.067829
-0.0708209
-0.0675224
-0.0547752
-0.0291187
0.0137193
0.0787087
0.171365
0.299099
0.473313
-0.34498
-0.135755
-0.0555126
-0.0319397
-0.0230945
-0.021308
-0.0250596
-0.032479
-0.0417
-0.0510184
-0.0586173
-0.0623617
-0.0597489
-0.0477964
-0.0222046
0.0221338
0.0940126
0.211344
0.40939
0.738672
)
;

boundaryField
{
    movingWall
    {
        type            zeroGradient;
    }
    fixedWalls
    {
        type            zeroGradient;
    }
    frontAndBack
    {
        type            empty;
    }
}


// ************************************************************************* //
