/*--------------------------------*- C++ -*----------------------------------*\
| =========                 |                                                 |
| \\      /  F ield         | OpenFOAM: The Open Source CFD Toolbox           |
|  \\    /   O peration     | Version:  2606                                  |
|   \\  /    A nd           | Website:  www.openfoam.com                      |
|    \\/     M anipulation  |                                                 |
\*---------------------------------------------------------------------------*/
FoamFile
{
    version     2.0;
    format      ascii;
    arch        "LSB;label=32;scalar=64";
    class       surfaceScalarField;
    location    "1.8";
    object      phi;
}
// * * * * * * * * * * * * * * * * * * * * * * * * * * * * * * * * * * * * * //

dimensions      [0 3 -1 0 0 0 0];

oriented        oriented;

internalField   nonuniform List<scalar> 
760
(
1.26079e-08
-1.26484e-08
-2.86685e-08
4.12763e-08
-1.22789e-07
9.41201e-08
-2.515e-07
1.28711e-07
-3.97698e-07
1.46199e-07
-5.47513e-07
1.49815e-07
-6.88891e-07
1.41378e-07
-8.09983e-07
1.21093e-07
-8.98445e-07
8.84613e-08
-9.42145e-07
4.36999e-08
-9.31083e-07
-1.10622e-08
-8.60534e-07
-7.05483e-08
-7.33755e-07
-1.26779e-07
-5.64112e-07
-1.69644e-07
-3.74794e-07
-1.89318e-07
-1.95599e-07
-1.79195e-07
-5.66731e-08
-1.38926e-07
1.98721e-08
-7.65452e-08
2.98323e-08
-9.9602e-09
2.98323e-08
-4.31785e-08
3.05304e-08
-2.04759e-07
2.02856e-07
-4.69395e-07
3.58755e-07
-8.03287e-07
4.62603e-07
-1.17175e-06
5.14661e-07
-1.54279e-06
5.20854e-07
-1.8865e-06
4.85086e-07
-2.17374e-06
4.08331e-07
-2.37609e-06
2.90811e-07
-2.46792e-06
1.35535e-07
-2.43067e-06
-4.83161e-08
-2.25727e-06
-2.43944e-07
-1.95801e-06
-4.26037e-07
-1.56271e-06
-5.64943e-07
-1.11987e-06
-6.32159e-07
-6.90315e-07
-6.08751e-07
-3.35241e-07
-4.93999e-07
-1.00593e-07
-3.11193e-07
-1.17314e-09
-1.0938e-07
2.86592e-08
-1.10832e-07
1.41362e-07
-4.04581e-07
4.96606e-07
-8.34346e-07
7.88519e-07
-1.35049e-06
9.78743e-07
-1.90568e-06
1.06985e-06
-2.45601e-06
1.07118e-06
-2.95978e-06
9.88861e-07
-3.3765e-06
8.25052e-07
-3.66751e-06
5.81822e-07
-3.79896e-06
2.66978e-07
-3.74666e-06
-1.00609e-07
-3.50206e-06
-4.88552e-07
-3.07796e-06
-8.50134e-07
-2.51222e-06
-1.13068e-06
-1.86737e-06
-1.27701e-06
-1.22401e-06
-1.25212e-06
-6.66753e-07
-1.05126e-06
-2.64248e-07
-7.13697e-07
-4.83606e-08
-3.25267e-07
-1.97012e-08
-1.74373e-07
3.15735e-07
-5.95724e-07
9.17957e-07
-1.18206e-06
1.37485e-06
-1.86501e-06
1.6617e-06
-2.58606e-06
1.7909e-06
-3.29306e-06
1.77819e-06
-3.93711e-06
1.6329e-06
-4.47079e-06
1.35874e-06
-4.84885e-06
9.59881e-07
-5.03113e-06
4.49255e-07
-4.98755e-06
-1.44184e-07
-4.70433e-06
-7.71776e-07
-4.19079e-06
-1.36367e-06
-3.48507e-06
-1.8364e-06
-2.65657e-06
-2.10551e-06
-1.8019e-06
-2.10679e-06
-1.03084e-06
-1.82232e-06
-4.42444e-07
-1.30209e-06
-9.76294e-08
-6.70082e-07
-1.1733e-07
-2.30657e-07
5.46391e-07
-7.67886e-07
1.45519e-06
-1.49663e-06
2.10359e-06
-2.33027e-06
2.49534e-06
-3.20061e-06
2.66124e-06
-4.0501e-06
2.62767e-06
-4.82606e-06
2.40887e-06
-5.47754e-06
2.01022e-06
-5.95496e-06
1.4373e-06
-6.21229e-06
7.06587e-07
-6.21156e-06
-1.4491e-07
-5.92873e-06
-1.05461e-06
-5.36243e-06
-1.92996e-06
-4.54276e-06
-2.65607e-06
-3.53907e-06
-3.1092e-06
-2.46145e-06
-3.1844e-06
-1.44952e-06
-2.83425e-06
-6.44453e-07
-2.10716e-06
-1.50108e-07
-1.16443e-06
-2.67439e-07
-2.78098e-07
8.24488e-07
-9.14493e-07
2.09158e-06
-1.76619e-06
2.95529e-06
-2.73097e-06
3.46012e-06
-3.73319e-06
3.66346e-06
-4.71253e-06
3.60701e-06
-5.61552e-06
3.31186e-06
-6.39048e-06
2.78517e-06
-6.98541e-06
2.03223e-06
-7.34865e-06
1.06983e-06
-7.43232e-06
-6.1238e-08
-7.19724e-06
-1.2897e-06
-6.62392e-06
-2.50328e-06
-5.72483e-06
-3.55516e-06
-4.5598e-06
-4.27424e-06
-3.24684e-06
-4.49735e-06
-1.95847e-06
-4.12263e-06
-8.91885e-07
-3.17374e-06
-2.13489e-07
-1.84282e-06
-4.80928e-07
-3.1484e-07
1.13933e-06
-1.0292e-06
2.80594e-06
-1.97884e-06
3.90494e-06
-3.0497e-06
4.53098e-06
-4.16134e-06
4.77511e-06
-5.25326e-06
4.69892e-06
-6.27402e-06
4.33263e-06
-7.17401e-06
3.68516e-06
-7.90122e-06
2.75944e-06
-8.39977e-06
1.56838e-06
-8.61064e-06
1.49632e-07
-8.47774e-06
-1.42261e-06
-7.95624e-06
-3.02478e-06
-7.03073e-06
-4.48066e-06
-5.73816e-06
-5.56681e-06
-4.19213e-06
-6.04339e-06
-2.5943e-06
-5.72046e-06
-1.21063e-06
-4.5574e-06
-2.97367e-07
-2.75609e-06
-7.78295e-07
-3.38863e-07
1.47819e-06
-1.10572e-06
3.5728e-06
-2.12242e-06
4.92164e-06
-3.26699e-06
5.67555e-06
-4.45683e-06
5.96494e-06
-5.63366e-06
5.87575e-06
-6.75087e-06
5.44983e-06
-7.76405e-06
4.69834e-06
-8.62456e-06
3.61995e-06
-9.27545e-06
2.21928e-06
-9.64979e-06
5.23969e-07
-9.67386e-06
-1.39854e-06
-9.27495e-06
-3.42369e-06
-8.40026e-06
-5.35536e-06
-7.04712e-06
-6.91995e-06
-5.30334e-06
-7.78716e-06
-3.38333e-06
-7.64047e-06
-1.62635e-06
-6.31439e-06
-4.12448e-07
-3.96999e-06
-1.19074e-06
-3.48647e-07
1.82684e-06
-1.13927e-06
4.36343e-06
-2.18666e-06
5.96902e-06
-3.36432e-06
6.85321e-06
-4.58969e-06
7.19031e-06
-5.80888e-06
7.09495e-06
-6.98276e-06
6.62371e-06
-8.07567e-06
5.79125e-06
-9.0469e-06
4.59118e-06
-9.84404e-06
3.01642e-06
-1.03984e-05
1.07833e-06
-1.0624e-05
-1.17294e-06
-1.04224e-05
-3.62528e-06
-9.69827e-06
-6.07949e-06
-8.3927e-06
-8.22552e-06
-6.53823e-06
-9.64163e-06
-4.32801e-06
-9.85069e-06
-2.15991e-06
-8.48249e-06
-5.70578e-07
-5.55932e-06
-1.76132e-06
-3.44329e-07
2.17117e-06
-1.12932e-06
5.14842e-06
-2.16745e-06
7.00716e-06
-3.32985e-06
8.01561e-06
-4.53572e-06
8.39618e-06
-5.73757e-06
8.29679e-06
-6.90632e-06
7.79246e-06
-8.01882e-06
6.90375e-06
-9.04758e-06
5.61994e-06
-9.95218e-06
3.92101e-06
-1.06716e-05
1.79773e-06
-1.11177e-05
-7.26862e-07
-1.11766e-05
-3.56634e-06
-1.07129e-05
-6.54314e-06
-9.60097e-06
-9.33748e-06
-7.78644e-06
-1.14562e-05
-5.38965e-06
-1.22475e-05
-2.82045e-06
-1.10517e-05
-7.85007e-07
-7.59476e-06
-2.54633e-06
-3.2926e-07
2.50043e-06
-1.08327e-06
5.90242e-06
-2.07236e-06
7.99626e-06
-3.16574e-06
9.10899e-06
-4.28611e-06
9.51655e-06
-5.39469e-06
9.40537e-06
-6.47524e-06
8.87301e-06
-7.52063e-06
7.94914e-06
-8.52187e-06
6.62118e-06
-9.45821e-06
4.85735e-06
-1.02878e-05
2.62734e-06
-1.09331e-05
-8.16276e-08
-1.12839e-05
-3.21553e-06
-1.11769e-05
-6.65015e-06
-1.04227e-05
-1.00917e-05
-8.85763e-06
-1.30212e-05
-6.46905e-06
-1.4636e-05
-3.59354e-06
-1.39272e-05
-1.06995e-06
-1.01184e-05
-3.61627e-06
-3.12095e-07
2.81252e-06
-1.021e-06
6.61133e-06
-1.92681e-06
8.90207e-06
-2.89559e-06
1.00778e-05
-3.85668e-06
1.04776e-05
-4.78387e-06
1.03326e-05
-5.67713e-06
9.76626e-06
-6.54857e-06
8.82059e-06
-7.41163e-06
7.48424e-06
-8.27128e-06
5.71701e-06
-9.11303e-06
3.46908e-06
-9.89338e-06
6.9873e-07
-1.05128e-05
-2.59609e-06
-1.0814e-05
-6.34892e-06
-1.05639e-05
-1.03418e-05
-9.48855e-06
-1.40966e-05
-7.39227e-06
-1.67323e-05
-4.42369e-06
-1.68958e-05
-1.43778e-06
-1.31043e-05
-5.05405e-06
-3.09998e-07
3.12252e-06
-9.80313e-07
7.28164e-06
-1.77954e-06
9.7013e-06
-2.56932e-06
1.08675e-05
-3.29274e-06
1.12011e-05
-3.94345e-06
1.09833e-05
-4.54247e-06
1.03653e-05
-5.124e-06
9.40211e-06
-5.72578e-06
8.08602e-06
-6.38109e-06
6.37231e-06
-7.10953e-06
4.19753e-06
-7.90495e-06
1.49415e-06
-8.71148e-06
-1.78956e-06
-9.4016e-06
-5.6588e-06
-9.74023e-06
-1.00031e-05
-9.37502e-06
-1.44618e-05
-7.91143e-06
-1.81959e-05
-5.19454e-06
-1.96127e-05
-1.89072e-06
-1.64081e-05
-6.94477e-06
-3.54381e-07
3.4769e-06
-1.02381e-06
7.95107e-06
-1.70578e-06
1.03833e-05
-2.26136e-06
1.14231e-05
-2.66334e-06
1.16031e-05
-2.9379e-06
1.12578e-05
-3.13414e-06
1.05615e-05
-3.31073e-06
9.57869e-06
-3.52918e-06
8.30447e-06
-3.84935e-06
6.69248e-06
-4.32372e-06
4.6719e-06
-4.98791e-06
2.15835e-06
-5.84162e-06
-9.35845e-07
-6.81818e-06
-4.68225e-06
-7.73244e-06
-9.08888e-06
-8.21942e-06
-1.39748e-05
-7.72363e-06
-1.86917e-05
-5.71254e-06
-2.16238e-05
-2.40227e-06
-1.97184e-05
-9.34704e-06
-5.01357e-07
3.97826e-06
-1.24587e-06
8.69558e-06
-1.80083e-06
1.09382e-05
-2.05093e-06
1.16732e-05
-2.03078e-06
1.15829e-05
-1.81867e-06
1.10457e-05
-1.50058e-06
1.02435e-05
-1.16141e-06
9.23952e-06
-8.83749e-07
8.02681e-06
-7.48631e-07
6.55736e-06
-8.3483e-07
4.75809e-06
-1.21525e-06
2.53877e-06
-1.94614e-06
-2.04959e-07
-3.0398e-06
-3.58858e-06
-4.40974e-06
-7.71894e-06
-5.76671e-06
-1.26179e-05
-6.49499e-06
-1.79634e-05
-5.69476e-06
-2.2424e-05
-2.88426e-06
-2.25289e-05
-1.22313e-05
-8.46295e-07
4.82455e-06
-1.76496e-06
9.61424e-06
-2.13358e-06
1.13068e-05
-1.94385e-06
1.14835e-05
-1.35038e-06
1.09894e-05
-5.0882e-07
1.02042e-05
4.5023e-07
9.2844e-06
1.41685e-06
8.2729e-06
2.29263e-06
7.15104e-06
2.98328e-06
5.86671e-06
3.39307e-06
4.34831e-06
3.42227e-06
2.50957e-06
2.96841e-06
2.48897e-07
1.94351e-06
-2.56368e-06
3.10865e-07
-6.08629e-06
-1.79914e-06
-1.05079e-05
-3.86829e-06
-1.58943e-05
-4.75401e-06
-2.15383e-05
-3.14388e-06
-2.4139e-05
-1.53752e-05
-1.52272e-06
6.34727e-06
-2.6196e-06
1.07111e-05
-2.53844e-06
1.12257e-05
-1.60133e-06
1.05464e-05
-1.70948e-07
9.55905e-06
1.50198e-06
8.53123e-06
3.24718e-06
7.53919e-06
4.94102e-06
6.57906e-06
6.48275e-06
5.60931e-06
7.77794e-06
4.57152e-06
8.7272e-06
3.39905e-06
9.2187e-06
2.01807e-06
9.12078e-06
3.46817e-07
8.29112e-06
-1.73402e-06
6.58114e-06
-4.37631e-06
3.92347e-06
-7.8502e-06
5.86627e-07
-1.25574e-05
-2.36453e-06
-1.85871e-05
-2.85151e-06
-2.3652e-05
-1.82267e-05
-2.58626e-06
8.93354e-06
-3.21994e-06
1.13448e-05
-1.85146e-06
9.85719e-06
4.56226e-07
8.23871e-06
3.09826e-06
6.91702e-06
5.79044e-06
5.83905e-06
8.38277e-06
4.94686e-06
1.07815e-05
4.18029e-06
1.29149e-05
3.47599e-06
1.47117e-05
2.77463e-06
1.60888e-05
2.02203e-06
1.69407e-05
1.16609e-06
1.71303e-05
1.5724e-07
1.6494e-05
-1.09768e-06
1.48073e-05
-2.68962e-06
1.18211e-05
-4.86399e-06
7.41393e-06
-8.15027e-06
2.26569e-06
-1.34389e-05
-1.19462e-06
-2.01917e-05
-1.94213e-05
-2.63395e-06
1.15675e-05
-7.27554e-08
8.78361e-06
4.22842e-06
5.55602e-06
8.43845e-06
4.02868e-06
1.22659e-05
3.08957e-06
1.56897e-05
2.41525e-06
1.87164e-05
1.92013e-06
2.13555e-05
1.5412e-06
2.36068e-05
1.22473e-06
2.54501e-05
9.31297e-07
2.684e-05
6.32146e-07
2.76995e-05
3.0659e-07
2.79185e-05
-6.17433e-08
2.73552e-05
-5.34385e-07
2.57678e-05
-1.10226e-06
2.28107e-05
-1.90691e-06
1.79701e-05
-3.30968e-06
1.09286e-05
-6.3973e-06
3.18473e-06
-1.24479e-05
-1.62366e-05
1.15675e-05
2.03511e-05
2.59071e-05
2.99358e-05
3.30254e-05
3.54406e-05
3.73607e-05
3.8902e-05
4.01267e-05
4.1058e-05
4.16901e-05
4.19967e-05
4.1935e-05
4.14006e-05
4.02983e-05
3.83914e-05
3.50817e-05
2.86844e-05
1.62366e-05
)
;

boundaryField
{
    movingWall
    {
        type            calculated;
        value           uniform 0;
    }
    fixedWalls
    {
        type            calculated;
        value           uniform 0;
    }
    frontAndBack
    {
        type            empty;
    }
}


// ************************************************************************* //
