/*--------------------------------*- C++ -*----------------------------------*\
| =========                 |                                                 |
| \\      /  F ield         | OpenFOAM: The Open Source CFD Toolbox           |
|  \\    /   O peration     | Version:  2606                                  |
|   \\  /    A nd           | Website:  www.openfoam.com                      |
|    \\/     M anipulation  |                                                 |
\*---------------------------------------------------------------------------*/
FoamFile
{
    version     2.0;
    format      ascii;
    arch        "LSB;label=32;scalar=64";
    class       volVectorField;
    location    "1.8";
    object      U;
}
// * * * * * * * * * * * * * * * * * * * * * * * * * * * * * * * * * * * * * //

dimensions      [0 1 -1 0 0 0 0];

internalField   nonuniform List<vector> 
400
(
(0.000252571 -0.000255582 0)
(7.50294e-05 0.000125 0)
(-0.00133501 0.000549579 0)
(-0.00363681 0.000825349 0)
(-0.00645085 0.000967076 0)
(-0.00946902 0.00100997 0)
(-0.0124355 0.000972848 0)
(-0.0151138 0.00085653 0)
(-0.0172609 0.00065241 0)
(-0.018626 0.000355384 0)
(-0.0189787 -2.385e-05 0)
(-0.0181611 -0.000451712 0)
(-0.0161501 -0.000864959 0)
(-0.0131103 -0.00118272 0)
(-0.00941463 -0.00132354 0)
(-0.00561053 -0.00123084 0)
(-0.00232351 -0.000899099 0)
(-0.000108316 -0.000392551 0)
(0.000738656 0.00013945 0)
(0.000402756 0.000383514 0)
(-0.000140096 -8.9296e-05 0)
(-0.00192353 0.00183259 0)
(-0.00631261 0.00371089 0)
(-0.0124837 0.00497162 0)
(-0.0196699 0.00561965 0)
(-0.0272145 0.0057458 0)
(-0.0345055 0.00540646 0)
(-0.0409533 0.00461046 0)
(-0.0459764 0.00334799 0)
(-0.0490199 0.00163794 0)
(-0.0496206 -0.000426918 0)
(-0.0475011 -0.0026522 0)
(-0.0426784 -0.00473973 0)
(-0.0355508 -0.00632736 0)
(-0.0269176 -0.00706539 0)
(-0.0179108 -0.00672213 0)
(-0.00981017 -0.00529133 0)
(-0.00375259 -0.00306487 0)
(-0.000406462 -0.000668568 0)
(0.000271873 0.000773351 0)
(-0.000677528 0.00145261 0)
(-0.00434362 0.00638246 0)
(-0.0117926 0.0106765 0)
(-0.0215393 0.0135366 0)
(-0.0324853 0.0149578 0)
(-0.0437533 0.0150801 0)
(-0.0544999 0.0139993 0)
(-0.0639006 0.011744 0)
(-0.0711537 0.00833273 0)
(-0.0755148 0.00386612 0)
(-0.0763786 -0.00138769 0)
(-0.0733926 -0.00694301 0)
(-0.06658 -0.0121076 0)
(-0.056442 -0.0160626 0)
(-0.0439968 -0.0180244 0)
(-0.0307195 -0.0174686 0)
(-0.0183339 -0.0143671 0)
(-0.00845228 -0.00935038 0)
(-0.00221457 -0.00374871 0)
(-5.60234e-05 0.000305947 0)
(-0.00117422 0.00432988 0)
(-0.00665322 0.0135933 0)
(-0.0170512 0.0209341 0)
(-0.0301318 0.0256575 0)
(-0.0444587 0.0278699 0)
(-0.0589939 0.0278021 0)
(-0.072749 0.0256013 0)
(-0.0847584 0.0213243 0)
(-0.0940844 0.0150342 0)
(-0.099853 0.00694025 0)
(-0.101337 -0.00247845 0)
(-0.0980692 -0.0124023 0)
(-0.0899811 -0.0216796 0)
(-0.0775304 -0.0289456 0)
(-0.0617939 -0.0328606 0)
(-0.044468 -0.032466 0)
(-0.0276908 -0.0275919 0)
(-0.013642 -0.019166 0)
(-0.00413999 -0.00927883 0)
(-0.000362194 -0.00112912 0)
(-0.00160485 0.00841107 0)
(-0.00871593 0.0232467 0)
(-0.0218051 0.03417 0)
(-0.0379104 0.0409151 0)
(-0.0552795 0.0438709 0)
(-0.0727576 0.0434355 0)
(-0.089278 0.039836 0)
(-0.103806 0.0331626 0)
(-0.115328 0.0235192 0)
(-0.122873 0.0112104 0)
(-0.125576 -0.00309236 0)
(-0.122787 -0.018251 0)
(-0.114218 -0.032648 0)
(-0.10012 -0.0443101 0)
(-0.0814636 -0.0511985 0)
(-0.0600575 -0.051698 0)
(-0.0384662 -0.0452491 0)
(-0.0196059 -0.0329093 0)
(-0.00626514 -0.017534 0)
(-0.000655037 -0.00356302 0)
(-0.0019615 0.0135373 0)
(-0.0104586 0.0350675 0)
(-0.0258645 0.050076 0)
(-0.0445911 0.0590001 0)
(-0.0646204 0.0626836 0)
(-0.0847264 0.0617844 0)
(-0.103822 0.0566463 0)
(-0.120864 0.0473957 0)
(-0.134816 0.0341513 0)
(-0.144631 0.0172642 0)
(-0.149294 -0.00247042 0)
(-0.147902 -0.0236604 0)
(-0.139822 -0.0442654 0)
(-0.124923 -0.0616626 0)
(-0.103869 -0.0729447 0)
(-0.0784101 -0.0755237 0)
(-0.0514906 -0.0680449 0)
(-0.026928 -0.0513636 0)
(-0.00886717 -0.0290534 0)
(-0.00099883 -0.00712408 0)
(-0.00223197 0.0195132 0)
(-0.0118087 0.0486786 0)
(-0.0290491 0.0682159 0)
(-0.0498778 0.0794846 0)
(-0.0720792 0.0839376 0)
(-0.0944025 0.0825866 0)
(-0.115793 0.0759343 0)
(-0.13526 0.0641421 0)
(-0.151798 0.0473041 0)
(-0.164324 0.0257401 0)
(-0.171677 0.000259792 0)
(-0.172675 -0.0276177 0)
(-0.166251 -0.0555225 0)
(-0.151722 -0.0801964 0)
(-0.129198 -0.0977162 0)
(-0.100096 -0.104144 0)
(-0.0675324 -0.0967427 0)
(-0.0362809 -0.0755679 0)
(-0.0123013 -0.0446903 0)
(-0.00147744 -0.0121202 0)
(-0.00240118 0.0261034 0)
(-0.0126928 0.0636105 0)
(-0.0311819 0.0880298 0)
(-0.0534603 0.101799 0)
(-0.0771853 0.107108 0)
(-0.101125 0.105413 0)
(-0.124307 0.0974222 0)
(-0.145853 0.0833342 0)
(-0.164853 0.0631749 0)
(-0.18026 0.0371419 0)
(-0.19083 0.00592197 0)
(-0.195132 -0.0290134 0)
(-0.191645 -0.0651305 0)
(-0.179016 -0.0986513 0)
(-0.156547 -0.124586 0)
(-0.124922 -0.137295 0)
(-0.0869916 -0.13191 0)
(-0.0482751 -0.10671 0)
(-0.0169643 -0.0656285 0)
(-0.00219337 -0.0190677 0)
(-0.00245832 0.0330344 0)
(-0.0130583 0.0793149 0)
(-0.0321251 0.108841 0)
(-0.0550647 0.125215 0)
(-0.0794694 0.131465 0)
(-0.104161 0.129579 0)
(-0.128298 0.120524 0)
(-0.151172 0.104552 0)
(-0.172053 0.0815879 0)
(-0.190029 0.0516236 0)
(-0.203897 0.0150808 0)
(-0.212096 -0.0268129 0)
(-0.212737 -0.0716099 0)
(-0.203788 -0.115268 0)
(-0.183543 -0.151866 0)
(-0.151493 -0.173873 0)
(-0.109531 -0.173514 0)
(-0.0632778 -0.145859 0)
(-0.023278 -0.0933227 0)
(-0.00328066 -0.0287123 0)
(-0.00240851 0.0400145 0)
(-0.0129118 0.0951971 0)
(-0.0318489 0.129878 0)
(-0.0545512 0.14884 0)
(-0.0785926 0.156036 0)
(-0.102879 0.154069 0)
(-0.12674 0.144239 0)
(-0.149704 0.126882 0)
(-0.171304 0.10182 0)
(-0.190894 0.0687864 0)
(-0.207478 0.0278216 0)
(-0.219568 -0.0202916 0)
(-0.225127 -0.0734965 0)
(-0.221592 -0.127886 0)
(-0.206198 -0.177009 0)
(-0.176858 -0.211586 0)
(-0.133655 -0.220372 0)
(-0.0811456 -0.193491 0)
(-0.0316576 -0.129328 0)
(-0.0049274 -0.0420578 0)
(-0.00228865 0.0467808 0)
(-0.0123721 0.110687 0)
(-0.0305247 0.150324 0)
(-0.052043 0.171642 0)
(-0.0745132 0.179603 0)
(-0.0969635 0.177527 0)
(-0.118946 0.167119 0)
(-0.140281 0.148863 0)
(-0.160855 0.12251 0)
(-0.18041 0.0875298 0)
(-0.198346 0.0435287 0)
(-0.2135 -0.00931414 0)
(-0.224013 -0.0696924 0)
(-0.227116 -0.134281 0)
(-0.219189 -0.196778 0)
(-0.196433 -0.246795 0)
(-0.156342 -0.269614 0)
(-0.100843 -0.248795 0)
(-0.0424176 -0.174951 0)
(-0.00740063 -0.0603967 0)
(-0.00219031 0.0531819 0)
(-0.011738 0.125356 0)
(-0.0286322 0.169413 0)
(-0.0480587 0.192512 0)
(-0.0676489 0.200759 0)
(-0.0866288 0.1983 0)
(-0.104845 0.187329 0)
(-0.122477 0.168545 0)
(-0.139826 0.141689 0)
(-0.157114 0.106019 0)
(-0.17429 0.0607123 0)
(-0.19081 0.00527257 0)
(-0.2053 -0.0599369 0)
(-0.215225 -0.132719 0)
(-0.216673 -0.20778 0)
(-0.204408 -0.274766 0)
(-0.172947 -0.316386 0)
(-0.120025 -0.308871 0)
(-0.0555475 -0.230633 0)
(-0.0110537 -0.085317 0)
(-0.00229887 0.059313 0)
(-0.0115822 0.139086 0)
(-0.0270723 0.186548 0)
(-0.043617 0.210343 0)
(-0.0589697 0.217978 0)
(-0.0727191 0.214544 0)
(-0.0851331 0.202785 0)
(-0.0968217 0.183665 0)
(-0.108544 0.15698 0)
(-0.121043 0.121854 0)
(-0.134883 0.0771192 0)
(-0.15025 0.0216541 0)
(-0.166594 -0.0451487 0)
(-0.182176 -0.122628 0)
(-0.193489 -0.207335 0)
(-0.194662 -0.290467 0)
(-0.177568 -0.354115 0)
(-0.134761 -0.36811 0)
(-0.0702924 -0.294971 0)
(-0.0162652 -0.11859 0)
(-0.00297024 0.0657382 0)
(-0.012898 0.15228 0)
(-0.027277 0.20139 0)
(-0.0402504 0.224063 0)
(-0.0499198 0.22966 0)
(-0.0565628 0.224321 0)
(-0.0610725 0.211322 0)
(-0.0645775 0.19188 0)
(-0.068307 0.165873 0)
(-0.0734921 0.132373 0)
(-0.0812767 0.0900007 0)
(-0.0925802 0.0371754 0)
(-0.107825 -0.0275848 0)
(-0.126473 -0.105147 0)
(-0.146242 -0.194461 0)
(-0.161871 -0.289818 0)
(-0.16381 -0.375521 0)
(-0.139581 -0.41819 0)
(-0.08452 -0.363526 0)
(-0.0232069 -0.16174 0)
(-0.00487608 0.0738795 0)
(-0.0173204 0.166081 0)
(-0.031235 0.213827 0)
(-0.0397439 0.232526 0)
(-0.0419071 0.23406 0)
(-0.0392694 0.225594 0)
(-0.0336313 0.210768 0)
(-0.0267305 0.190922 0)
(-0.0202455 0.165968 0)
(-0.0158083 0.134963 0)
(-0.0150164 0.0964423 0)
(-0.0193992 0.0485974 0)
(-0.0302869 -0.0105987 0)
(-0.0484749 -0.0831989 0)
(-0.0735216 -0.170526 0)
(-0.102164 -0.270989 0)
(-0.125501 -0.374221 0)
(-0.127695 -0.449042 0)
(-0.0939548 -0.428004 0)
(-0.0312611 -0.215294 0)
(-0.0092104 0.086752 0)
(-0.0272878 0.182475 0)
(-0.0409835 0.223628 0)
(-0.0428655 0.234108 0)
(-0.0344841 0.22897 0)
(-0.0195456 0.216024 0)
(-0.00104682 0.198844 0)
(0.0186277 0.178598 0)
(0.0374266 0.155085 0)
(0.0534576 0.127325 0)
(0.0648508 0.0938586 0)
(0.0696787 0.0528772 0)
(0.0659241 0.00222184 0)
(0.0516438 -0.0607248 0)
(0.0253264 -0.138956 0)
(-0.0127493 -0.234973 0)
(-0.0568296 -0.346153 0)
(-0.0910444 -0.450383 0)
(-0.0915342 -0.47649 0)
(-0.0379192 -0.278303 0)
(-0.0176925 0.11046 0)
(-0.0451894 0.203443 0)
(-0.0554613 0.228685 0)
(-0.0443912 0.225114 0)
(-0.0194874 0.210535 0)
(0.0124417 0.192168 0)
(0.0472287 0.172667 0)
(0.0820709 0.152543 0)
(0.114807 0.131244 0)
(0.143545 0.10768 0)
(0.166404 0.0804662 0)
(0.181326 0.0479768 0)
(0.185907 0.00828291 0)
(0.177481 -0.0411083 0)
(0.153027 -0.103691 0)
(0.10983 -0.184733 0)
(0.0485537 -0.289846 0)
(-0.0198232 -0.412518 0)
(-0.0671696 -0.493442 0)
(-0.0371646 -0.346528 0)
(-0.0307459 0.156221 0)
(-0.066957 0.225389 0)
(-0.0566196 0.217478 0)
(-0.0167477 0.194279 0)
(0.0345519 0.170093 0)
(0.0887922 0.147912 0)
(0.142137 0.128173 0)
(0.192376 0.110241 0)
(0.237961 0.0930379 0)
(0.277537 0.0753686 0)
(0.309623 0.0560128 0)
(0.332401 0.0336996 0)
(0.343458 0.00699651 0)
(0.339962 -0.0258897 0)
(0.318073 -0.0677854 0)
(0.272976 -0.1243 0)
(0.200176 -0.206536 0)
(0.100079 -0.327016 0)
(-0.00534251 -0.456532 0)
(-0.015361 -0.398762 0)
(-0.0282492 0.226542 0)
(-0.0422061 0.223651 0)
(0.0373469 0.166033 0)
(0.127066 0.128174 0)
(0.208496 0.102262 0)
(0.281048 0.0828016 0)
(0.345494 0.067778 0)
(0.402127 0.0557211 0)
(0.451039 0.0453057 0)
(0.492057 0.0354435 0)
(0.524563 0.0252471 0)
(0.547388 0.0139428 0)
(0.558623 0.000778831 0)
(0.555959 -0.0149575 0)
(0.535587 -0.0349808 0)
(0.492032 -0.0626524 0)
(0.416967 -0.107549 0)
(0.297245 -0.193998 0)
(0.132911 -0.33316 0)
(0.0673989 -0.369503 0)
(0.261498 0.137371 0)
(0.324068 0.118082 0)
(0.455297 0.0773654 0)
(0.560425 0.0519979 0)
(0.633184 0.0365672 0)
(0.687071 0.0263958 0)
(0.729619 0.0194592 0)
(0.763878 0.0145819 0)
(0.791348 0.0109122 0)
(0.812811 0.00784757 0)
(0.828441 0.00496741 0)
(0.837913 0.00197011 0)
(0.840465 -0.00138214 0)
(0.834787 -0.00514198 0)
(0.818687 -0.00988318 0)
(0.788861 -0.0164626 0)
(0.737891 -0.0274028 0)
(0.647964 -0.0517989 0)
(0.474687 -0.111387 0)
(0.341588 -0.15579 0)
)
;

boundaryField
{
    movingWall
    {
        type            fixedValue;
        value           uniform (1 0 0);
    }
    fixedWalls
    {
        type            noSlip;
    }
    frontAndBack
    {
        type            empty;
    }
}


// ************************************************************************* //
