/*--------------------------------*- C++ -*----------------------------------*\
| =========                 |                                                 |
| \\      /  F ield         | OpenFOAM: The Open Source CFD Toolbox           |
|  \\    /   O peration     | Version:  2606                                  |
|   \\  /    A nd           | Website:  www.openfoam.com                      |
|    \\/     M anipulation  |                                                 |
\*---------------------------------------------------------------------------*/
FoamFile
{
    version     2.0;
    format      ascii;
    arch        "LSB;label=32;scalar=64";
    class       volScalarField;
    location    "1.5";
    object      p;
}
// * * * * * * * * * * * * * * * * * * * * * * * * * * * * * * * * * * * * * //

dimensions      [0 2 -2 0 0 0 0];

internalField   nonuniform List<scalar> 
400
(
-4.52801e-07
-0.00063272
-0.00135136
-0.0019081
-0.00218105
-0.00211478
-0.00168546
-0.000885089
0.000273756
0.0017418
0.00341717
0.00513753
0.00669538
0.00786972
0.00848051
0.0084486
0.00784083
0.00688032
0.00592056
0.00535865
0.000626248
-3.38029e-05
-0.000591577
-0.000973432
-0.00114651
-0.00107542
-0.000737149
-0.000118323
0.000779253
0.00192406
0.00324067
0.00460692
0.00585476
0.00680592
0.00731418
0.00731538
0.00686334
0.00613221
0.00537033
0.00480315
0.00138905
0.000475271
-0.000114107
-0.000454566
-0.000613206
-0.000581721
-0.000341765
0.000127347
0.000840372
0.00178816
0.00291965
0.00413126
0.00527056
0.00616218
0.006652
0.00665979
0.00621959
0.00548035
0.00462863
0.00382116
0.00197061
0.000730834
2.13938e-05
-0.000358068
-0.000566659
-0.000620361
-0.000502942
-0.000181958
0.000379627
0.00119954
0.00225109
0.00344535
0.00462805
0.00560259
0.0061767
0.00622506
0.00574619
0.00487263
0.00376358
0.0025546
0.00210933
0.000553403
-0.000296944
-0.000754925
-0.00106051
-0.00124712
-0.00129454
-0.00115224
-0.000754065
-4.81972e-05
0.00096964
0.0022307
0.00357583
0.00477523
0.00557444
0.00577053
0.0052969
0.00425861
0.00280215
0.00107678
0.00158034
-0.000252361
-0.00124546
-0.00181271
-0.00226238
-0.00263846
-0.00291063
-0.00300383
-0.00281489
-0.00224725
-0.00125234
0.000136018
0.0017617
0.00335854
0.00458701
0.00512423
0.00478914
0.0036249
0.00175959
-0.000614523
0.000197608
-0.00185757
-0.00298798
-0.00369408
-0.00433992
-0.00497527
-0.0055557
-0.00597658
-0.00608951
-0.00573854
-0.00480724
-0.00327921
-0.00127268
0.000918958
0.00285423
0.00403883
0.00410116
0.00295027
0.000652446
-0.0025403
-0.00218109
-0.00439486
-0.00565297
-0.00652706
-0.00742553
-0.00840268
-0.00939976
-0.0102805
-0.0108446
-0.0108621
-0.0101241
-0.00851463
-0.00607939
-0.003101
-0.000118629
0.002152
0.00304464
0.0022061
-0.000470084
-0.00468622
-0.00564303
-0.00794652
-0.00931769
-0.0103827
-0.0115859
-0.0129895
-0.0145253
-0.016028
-0.017243
-0.0178536
-0.0175306
-0.0160104
-0.0132022
-0.00930924
-0.0049255
-0.00101148
0.00135481
0.00136269
-0.00148746
-0.00694004
-0.0102089
-0.012534
-0.0139918
-0.0152484
-0.0167824
-0.0186743
-0.0208566
-0.0231434
-0.025229
-0.0267048
-0.027098
-0.025952
-0.0229738
-0.0181801
-0.0121214
-0.00596255
-0.00128051
0.000408734
-0.00215669
-0.00900068
-0.0158301
-0.0181174
-0.0196089
-0.021007
-0.0228372
-0.0252173
-0.0280962
-0.0312798
-0.0344206
-0.0370207
-0.0384554
-0.0380403
-0.0352428
-0.029756
-0.0219408
-0.013031
-0.00508941
-0.000576251
-0.00203282
-0.0102313
-0.0224043
-0.0246126
-0.0260339
-0.0274304
-0.0294163
-0.0321779
-0.0356989
-0.0397889
-0.0440684
-0.0479596
-0.0507012
-0.0514077
-0.0491505
-0.0433295
-0.0339254
-0.0220025
-0.00993391
-0.00124383
-0.000332893
-0.00942256
-0.0298232
-0.0319328
-0.0330854
-0.0341896
-0.0360401
-0.0389351
-0.0429084
-0.0477774
-0.0531325
-0.0583232
-0.0624576
-0.0644413
-0.0630683
-0.0573031
-0.0466466
-0.0317377
-0.0149204
-0.000668457
0.00430574
-0.00443397
-0.0380752
-0.0400612
-0.0405701
-0.0408755
-0.0421178
-0.0447536
-0.0488652
-0.0542621
-0.0604887
-0.0668138
-0.0722212
-0.0754308
-0.0749796
-0.0694365
-0.0577839
-0.0400406
-0.018111
0.00299253
0.014184
0.00825355
-0.0474622
-0.0491597
-0.0483059
-0.0470138
-0.0470003
-0.0488869
-0.0527616
-0.0583785
-0.065193
-0.0723627
-0.0787337
-0.0828472
-0.0830042
-0.0774347
-0.0646501
-0.0440001
-0.0166171
0.0126151
0.0327946
0.0337648
-0.0590719
-0.0597385
-0.0561108
-0.052065
-0.0500433
-0.0506969
-0.0540027
-0.0595729
-0.0667027
-0.0743876
-0.0812996
-0.0857843
-0.0859113
-0.0795949
-0.0649416
-0.0407025
-0.00710863
0.0318632
0.0646314
0.078459
-0.0759353
-0.0729729
-0.0638667
-0.0555549
-0.0507881
-0.0498464
-0.0523856
-0.0577472
-0.0649866
-0.0728778
-0.0798815
-0.0841195
-0.0834065
-0.0753049
-0.0574934
-0.0281449
0.0133642
0.0646972
0.115064
0.151104
-0.106697
-0.0910287
-0.0716356
-0.0572928
-0.0491174
-0.0463758
-0.0481253
-0.0532613
-0.0605046
-0.0683728
-0.0751087
-0.0786109
-0.0764282
-0.0657165
-0.043597
-0.00730062
0.0451679
0.113314
0.191129
0.271662
-0.178224
-0.114523
-0.0747956
-0.0533083
-0.0422395
-0.0384051
-0.0400534
-0.0455083
-0.0531115
-0.0611738
-0.0678121
-0.0708067
-0.067513
-0.054771
-0.02912
0.0137131
0.0786993
0.171354
0.299088
0.473303
-0.344974
-0.135752
-0.0555131
-0.0319425
-0.0230971
-0.0213078
-0.025055
-0.0324696
-0.0416865
-0.0510025
-0.0586012
-0.0623473
-0.0597382
-0.0477912
-0.0222049
0.0221288
0.0940041
0.211334
0.40938
0.738661
)
;

boundaryField
{
    movingWall
    {
        type            zeroGradient;
    }
    fixedWalls
    {
        type            zeroGradient;
    }
    frontAndBack
    {
        type            empty;
    }
}


// ************************************************************************* //
