/*--------------------------------*- C++ -*----------------------------------*\
| =========                 |                                                 |
| \\      /  F ield         | OpenFOAM: The Open Source CFD Toolbox           |
|  \\    /   O peration     | Version:  2606                                  |
|   \\  /    A nd           | Website:  www.openfoam.com                      |
|    \\/     M anipulation  |                                                 |
\*---------------------------------------------------------------------------*/
FoamFile
{
    version     2.0;
    format      ascii;
    arch        "LSB;label=32;scalar=64";
    class       surfaceScalarField;
    location    "1.5";
    object      phi;
}
// * * * * * * * * * * * * * * * * * * * * * * * * * * * * * * * * * * * * * //

dimensions      [0 3 -1 0 0 0 0];

oriented        oriented;

internalField   nonuniform List<scalar> 
760
(
1.26198e-08
-1.25966e-08
-2.86595e-08
4.12788e-08
-1.22737e-07
9.4077e-08
-2.51376e-07
1.28639e-07
-3.97488e-07
1.46111e-07
-5.4721e-07
1.49722e-07
-6.88501e-07
1.4129e-07
-8.0952e-07
1.21019e-07
-8.97933e-07
8.84126e-08
-9.41618e-07
4.36854e-08
-9.30582e-07
-1.10364e-08
-8.60099e-07
-7.04825e-08
-7.33419e-07
-1.26681e-07
-5.63891e-07
-1.69527e-07
-3.74688e-07
-1.89204e-07
-1.95585e-07
-1.79103e-07
-5.67128e-08
-1.38872e-07
1.98219e-08
-7.65347e-08
2.98056e-08
-9.98369e-09
2.98058e-08
-4.31459e-08
3.05489e-08
-2.04632e-07
2.02765e-07
-4.69102e-07
3.58547e-07
-8.02781e-07
4.62316e-07
-1.171e-06
5.14335e-07
-1.54181e-06
5.20523e-07
-1.8853e-06
4.84785e-07
-2.17237e-06
4.08092e-07
-2.37463e-06
2.90665e-07
-2.46645e-06
1.35508e-07
-2.42928e-06
-4.82104e-08
-2.25605e-06
-2.43711e-07
-1.95703e-06
-4.25703e-07
-1.562e-06
-5.64554e-07
-1.11943e-06
-6.31773e-07
-6.90107e-07
-6.08428e-07
-3.35192e-07
-4.93787e-07
-1.00618e-07
-3.11109e-07
-1.20061e-09
-1.09402e-07
2.86053e-08
-1.10751e-07
1.413e-07
-4.04294e-07
4.96307e-07
-8.3376e-07
7.88013e-07
-1.34955e-06
9.78104e-07
-1.90437e-06
1.06916e-06
-2.45434e-06
1.0705e-06
-2.95781e-06
9.88255e-07
-3.37431e-06
8.24588e-07
-3.6652e-06
5.81558e-07
-3.79665e-06
2.66955e-07
-3.74449e-06
-1.00375e-07
-3.50012e-06
-4.88075e-07
-3.07636e-06
-8.49466e-07
-2.51101e-06
-1.1299e-06
-1.86655e-06
-1.27623e-06
-1.22354e-06
-1.25145e-06
-6.66545e-07
-1.05078e-06
-2.64198e-07
-7.13457e-07
-4.83659e-08
-3.25234e-07
-1.97605e-08
-1.74237e-07
3.15537e-07
-5.95275e-07
9.17344e-07
-1.18118e-06
1.37392e-06
-1.86367e-06
1.66058e-06
-2.58424e-06
1.78973e-06
-3.2908e-06
1.77706e-06
-3.93448e-06
1.63193e-06
-4.4679e-06
1.35801e-06
-4.84584e-06
9.59488e-07
-5.02813e-06
4.49246e-07
-4.98471e-06
-1.4379e-07
-4.70178e-06
-7.71009e-07
-4.18864e-06
-1.36261e-06
-3.48337e-06
-1.83517e-06
-2.65536e-06
-2.10425e-06
-1.80114e-06
-2.10566e-06
-1.03045e-06
-1.82147e-06
-4.423e-07
-1.3016e-06
-9.76076e-08
-6.69927e-07
-1.17368e-07
-2.30473e-07
5.4601e-07
-7.67301e-07
1.45417e-06
-1.49552e-06
2.10214e-06
-2.3286e-06
2.49366e-06
-3.19839e-06
2.65952e-06
-4.04738e-06
2.62605e-06
-4.82295e-06
2.40749e-06
-5.47415e-06
2.00922e-06
-5.95143e-06
1.43677e-06
-6.20878e-06
7.06596e-07
-6.20822e-06
-1.44348e-07
-5.92569e-06
-1.05354e-06
-5.35981e-06
-1.92848e-06
-4.54064e-06
-2.65433e-06
-3.53749e-06
-3.1074e-06
-2.4604e-06
-3.18275e-06
-1.44893e-06
-2.83295e-06
-6.44209e-07
-2.10633e-06
-1.50057e-07
-1.16408e-06
-2.67426e-07
-2.77883e-07
8.23893e-07
-9.13823e-07
2.09011e-06
-1.76495e-06
2.95327e-06
-2.72911e-06
3.45783e-06
-3.73075e-06
3.66115e-06
-4.70957e-06
3.60487e-06
-5.61216e-06
3.31008e-06
-6.38683e-06
2.78389e-06
-6.98163e-06
2.03157e-06
-7.34488e-06
1.06985e-06
-7.4287e-06
-6.05241e-08
-7.19389e-06
-1.28835e-06
-6.62097e-06
-2.50141e-06
-5.72238e-06
-3.55293e-06
-4.5579e-06
-4.27188e-06
-3.24553e-06
-4.49512e-06
-1.95769e-06
-4.12079e-06
-8.9154e-07
-3.17248e-06
-2.13407e-07
-1.84221e-06
-4.80833e-07
-3.14617e-07
1.13851e-06
-1.02851e-06
2.804e-06
-1.97757e-06
3.90233e-06
-3.04782e-06
4.52808e-06
-4.15889e-06
4.77222e-06
-5.25031e-06
4.69629e-06
-6.27069e-06
4.33046e-06
-7.17041e-06
3.68362e-06
-7.89749e-06
2.75865e-06
-8.39605e-06
1.5684e-06
-8.60703e-06
1.50459e-07
-8.47435e-06
-1.42103e-06
-7.95318e-06
-3.02258e-06
-7.02811e-06
-4.478e-06
-5.73606e-06
-5.56393e-06
-4.1906e-06
-6.04057e-06
-2.59335e-06
-5.71803e-06
-1.21019e-06
-4.55564e-06
-2.97255e-07
-2.75514e-06
-7.78088e-07
-3.38658e-07
1.47717e-06
-1.10509e-06
3.57043e-06
-2.12125e-06
4.91849e-06
-3.26527e-06
5.6721e-06
-4.45459e-06
5.96155e-06
-5.631e-06
5.8727e-06
-6.74788e-06
5.44734e-06
-7.76084e-06
4.69658e-06
-8.62124e-06
3.61905e-06
-9.27213e-06
2.21928e-06
-9.64654e-06
5.24874e-07
-9.67077e-06
-1.3968e-06
-9.2721e-06
-3.42125e-06
-8.39772e-06
-5.35238e-06
-7.04499e-06
-6.91666e-06
-5.30172e-06
-7.78385e-06
-3.38227e-06
-7.63749e-06
-1.62582e-06
-6.31209e-06
-4.12304e-07
-3.96866e-06
-1.19039e-06
-3.48488e-07
1.82566e-06
-1.13877e-06
4.36071e-06
-2.18573e-06
5.96545e-06
-3.36295e-06
6.84931e-06
-4.58791e-06
7.18651e-06
-5.80678e-06
7.09156e-06
-6.98042e-06
6.62098e-06
-8.0732e-06
5.78936e-06
-9.04437e-06
4.59022e-06
-9.84152e-06
3.01643e-06
-1.03959e-05
1.07929e-06
-1.06216e-05
-1.17113e-06
-1.04201e-05
-3.62272e-06
-9.69615e-06
-6.07635e-06
-8.39082e-06
-8.22199e-06
-6.53669e-06
-9.63797e-06
-4.32693e-06
-9.84725e-06
-2.15932e-06
-8.4797e-06
-5.70406e-07
-5.55757e-06
-1.7608e-06
-3.44238e-07
2.16989e-06
-1.12901e-06
5.14549e-06
-2.16687e-06
7.0033e-06
-3.32899e-06
8.01143e-06
-4.53461e-06
8.39213e-06
-5.73626e-06
8.29322e-06
-6.90491e-06
7.78962e-06
-8.01736e-06
6.90181e-06
-9.04614e-06
5.619e-06
-9.95079e-06
3.92108e-06
-1.06702e-05
1.79873e-06
-1.11163e-05
-7.25033e-07
-1.11753e-05
-3.56379e-06
-1.07116e-05
-6.54002e-06
-9.59964e-06
-9.33394e-06
-7.78522e-06
-1.14524e-05
-5.38869e-06
-1.22438e-05
-2.81987e-06
-1.10485e-05
-7.84816e-07
-7.59263e-06
-2.54562e-06
-3.29253e-07
2.49915e-06
-1.08321e-06
5.89945e-06
-2.07223e-06
7.99232e-06
-3.16551e-06
9.10471e-06
-4.28581e-06
9.51243e-06
-5.39436e-06
9.40177e-06
-6.47493e-06
8.8702e-06
-7.5204e-06
7.94728e-06
-8.52174e-06
6.62033e-06
-9.45817e-06
4.85751e-06
-1.02878e-05
2.62841e-06
-1.0933e-05
-7.98456e-08
-1.12838e-05
-3.21307e-06
-1.11766e-05
-6.64719e-06
-1.04222e-05
-1.00883e-05
-8.85699e-06
-1.30176e-05
-6.4684e-06
-1.46324e-05
-3.59306e-06
-1.39239e-05
-1.06976e-06
-1.01159e-05
-3.61537e-06
-3.1218e-07
2.81133e-06
-1.02122e-06
6.60848e-06
-1.92716e-06
8.89826e-06
-2.89606e-06
1.00736e-05
-3.85727e-06
1.04736e-05
-4.7846e-06
1.03291e-05
-5.67801e-06
9.76361e-06
-6.54963e-06
8.8189e-06
-7.41285e-06
7.48356e-06
-8.27263e-06
5.71729e-06
-9.11442e-06
3.4702e-06
-9.89477e-06
7.00508e-07
-1.0514e-05
-2.5938e-06
-1.0815e-05
-6.34625e-06
-1.05645e-05
-1.03388e-05
-9.48869e-06
-1.40934e-05
-7.3921e-06
-1.6729e-05
-4.4234e-06
-1.68925e-05
-1.43762e-06
-1.31017e-05
-5.05299e-06
-3.10173e-07
3.1215e-06
-9.80801e-07
7.27911e-06
-1.78037e-06
9.69783e-06
-2.57048e-06
1.08637e-05
-3.29421e-06
1.11974e-05
-3.9452e-06
1.09801e-05
-4.54449e-06
1.03629e-05
-5.12625e-06
9.40066e-06
-5.72822e-06
8.08553e-06
-6.38365e-06
6.37272e-06
-7.11213e-06
4.19868e-06
-7.9075e-06
1.49587e-06
-8.71384e-06
-1.78746e-06
-9.40362e-06
-5.65647e-06
-9.74177e-06
-1.00007e-05
-9.376e-06
-1.44592e-05
-7.91185e-06
-1.81931e-05
-5.19456e-06
-1.96098e-05
-1.89063e-06
-1.64056e-05
-6.94362e-06
-3.54634e-07
3.47613e-06
-1.02454e-06
7.94902e-06
-1.70704e-06
1.03803e-05
-2.26314e-06
1.14198e-05
-2.66559e-06
1.15998e-05
-2.94055e-06
1.12551e-05
-3.13713e-06
1.05595e-05
-3.31396e-06
9.57749e-06
-3.53258e-06
8.30414e-06
-3.85281e-06
6.69296e-06
-4.32716e-06
4.67303e-06
-4.99124e-06
2.15995e-06
-5.84474e-06
-9.33966e-07
-6.82095e-06
-4.68026e-06
-7.73473e-06
-9.08688e-06
-8.2211e-06
-1.39728e-05
-7.72462e-06
-1.86896e-05
-5.71292e-06
-2.16215e-05
-2.4023e-06
-1.97163e-05
-9.34593e-06
-5.01665e-07
3.9778e-06
-1.24677e-06
8.69412e-06
-1.80241e-06
1.0936e-05
-2.05318e-06
1.16706e-05
-2.03362e-06
1.15803e-05
-1.82199e-06
1.10434e-05
-1.50426e-06
1.02417e-05
-1.16531e-06
9.23853e-06
-8.8774e-07
8.02658e-06
-7.526e-07
6.55782e-06
-8.38682e-07
4.75912e-06
-1.21891e-06
2.54018e-06
-1.94953e-06
-2.03344e-07
-3.04286e-06
-3.58693e-06
-4.41236e-06
-7.71737e-06
-5.76877e-06
-1.26164e-05
-6.49638e-06
-1.7962e-05
-5.69545e-06
-2.24225e-05
-2.88442e-06
-2.25273e-05
-1.22303e-05
-8.46613e-07
4.82441e-06
-1.7659e-06
9.61341e-06
-2.13527e-06
1.13053e-05
-1.94629e-06
1.14816e-05
-1.35349e-06
1.09875e-05
-5.12454e-07
1.02024e-05
4.4624e-07
9.28305e-06
1.41268e-06
8.2721e-06
2.28843e-06
7.15083e-06
2.9792e-06
5.86705e-06
3.38919e-06
4.34912e-06
3.41868e-06
2.5107e-06
2.96515e-06
2.50185e-07
1.9406e-06
-2.56238e-06
3.08343e-07
-6.08512e-06
-1.8012e-06
-1.05069e-05
-3.8698e-06
-1.58934e-05
-4.75487e-06
-2.15374e-05
-3.14414e-06
-2.4138e-05
-1.53745e-05
-1.52297e-06
6.34738e-06
-2.62039e-06
1.07108e-05
-2.53994e-06
1.12249e-05
-1.60356e-06
1.05452e-05
-1.73842e-07
9.55775e-06
1.49855e-06
8.53e-06
3.2434e-06
7.53821e-06
4.93705e-06
6.57844e-06
6.47878e-06
5.6091e-06
7.77411e-06
4.57172e-06
8.72364e-06
3.39959e-06
9.21547e-06
2.01886e-06
9.11793e-06
3.47726e-07
8.28865e-06
-1.7331e-06
6.57904e-06
-4.3755e-06
3.92176e-06
-7.84958e-06
5.85348e-07
-1.2557e-05
-2.36535e-06
-1.85867e-05
-2.85181e-06
-2.36516e-05
-1.82263e-05
-2.58636e-06
8.93373e-06
-3.22036e-06
1.13448e-05
-1.85238e-06
9.85691e-06
4.54699e-07
8.23815e-06
3.09613e-06
6.91631e-06
5.78779e-06
5.83834e-06
8.37974e-06
4.94626e-06
1.07783e-05
4.1799e-06
1.29116e-05
3.47583e-06
1.47085e-05
2.77472e-06
1.60858e-05
2.02233e-06
1.69381e-05
1.16655e-06
1.71281e-05
1.57765e-07
1.64921e-05
-1.09715e-06
1.48058e-05
-2.68918e-06
1.18199e-05
-4.86368e-06
7.41302e-06
-8.1501e-06
2.26509e-06
-1.34388e-05
-1.19491e-06
-2.01916e-05
-1.94212e-05
-2.63387e-06
1.15676e-05
-7.27288e-08
8.7837e-06
4.22821e-06
5.55597e-06
8.43785e-06
4.02851e-06
1.22648e-05
3.08933e-06
1.56882e-05
2.41499e-06
1.87145e-05
1.91991e-06
2.13534e-05
1.54106e-06
2.36045e-05
1.22468e-06
2.54479e-05
9.31338e-07
2.6838e-05
6.32264e-07
2.76978e-05
3.06752e-07
2.7917e-05
-6.15085e-08
2.73541e-05
-5.34212e-07
2.57671e-05
-1.10212e-06
2.28102e-05
-1.90682e-06
1.79698e-05
-3.30966e-06
1.09283e-05
-6.39732e-06
3.18462e-06
-1.24479e-05
-1.62366e-05
1.15676e-05
2.03513e-05
2.59073e-05
2.99358e-05
3.30251e-05
3.54401e-05
3.736e-05
3.89011e-05
4.01257e-05
4.10571e-05
4.16894e-05
4.19961e-05
4.19346e-05
4.14004e-05
4.02983e-05
3.83914e-05
3.50818e-05
2.86845e-05
1.62366e-05
)
;

boundaryField
{
    movingWall
    {
        type            calculated;
        value           uniform 0;
    }
    fixedWalls
    {
        type            calculated;
        value           uniform 0;
    }
    frontAndBack
    {
        type            empty;
    }
}


// ************************************************************************* //
