/*--------------------------------*- C++ -*----------------------------------*\
| =========                 |                                                 |
| \\      /  F ield         | OpenFOAM: The Open Source CFD Toolbox           |
|  \\    /   O peration     | Version:  2606                                  |
|   \\  /    A nd           | Website:  www.openfoam.com                      |
|    \\/     M anipulation  |                                                 |
\*---------------------------------------------------------------------------*/
FoamFile
{
    version     2.0;
    format      ascii;
    arch        "LSB;label=32;scalar=64";
    class       volVectorField;
    location    "1.5";
    object      U;
}
// * * * * * * * * * * * * * * * * * * * * * * * * * * * * * * * * * * * * * //

dimensions      [0 1 -1 0 0 0 0];

internalField   nonuniform List<vector> 
400
(
(0.000252666 -0.000254933 0)
(7.51535e-05 0.000125292 0)
(-0.00133452 0.000549455 0)
(-0.00363515 0.000824964 0)
(-0.00644754 0.000966546 0)
(-0.00946387 0.00100937 0)
(-0.0124285 0.000972239 0)
(-0.0151052 0.000855982 0)
(-0.017251 0.000652004 0)
(-0.0186155 0.000355199 0)
(-0.0189683 -2.37543e-05 0)
(-0.0181515 -0.000451319 0)
(-0.0161423 -0.000864313 0)
(-0.0131047 -0.00118193 0)
(-0.00941141 -0.00132277 0)
(-0.00560945 -0.00123025 0)
(-0.00232393 -0.000898816 0)
(-0.000109362 -0.000392617 0)
(0.000737799 0.000139113 0)
(0.000402457 0.000383222 0)
(-0.00013992 -8.8326e-05 0)
(-0.00192226 0.00183223 0)
(-0.00630871 0.00370903 0)
(-0.0124759 0.00496873 0)
(-0.0196574 0.0056162 0)
(-0.0271971 0.00574219 0)
(-0.0344835 0.00540306 0)
(-0.0409274 0.00460764 0)
(-0.0459478 0.00334615 0)
(-0.0489901 0.00163741 0)
(-0.0495916 -0.000425948 0)
(-0.0474746 -0.00264974 0)
(-0.0426561 -0.00473607 0)
(-0.0355337 -0.00632304 0)
(-0.0269062 -0.00706112 0)
(-0.0179046 -0.00671865 0)
(-0.00980797 -0.00528922 0)
(-0.00375273 -0.00306432 0)
(-0.000407246 -0.000669258 0)
(0.000271512 0.000772477 0)
(-0.000677015 0.00145242 0)
(-0.00434051 0.00637908 0)
(-0.0117843 0.01067 0)
(-0.0215243 0.013528 0)
(-0.0324628 0.0149481 0)
(-0.0437234 0.0150704 0)
(-0.0544632 0.0139906 0)
(-0.0638586 0.0117372 0)
(-0.0711082 0.00832864 0)
(-0.0754681 0.00386546 0)
(-0.0763332 -0.00138459 0)
(-0.073351 -0.00693635 0)
(-0.0665444 -0.0120981 0)
(-0.0564138 -0.0160516 0)
(-0.0439766 -0.0180134 0)
(-0.0307069 -0.0174593 0)
(-0.0183275 -0.0143608 0)
(-0.00845021 -0.00934759 0)
(-0.00221455 -0.00374889 0)
(-5.62509e-05 0.000304709 0)
(-0.00117328 0.00432748 0)
(-0.00664812 0.0135846 0)
(-0.0170385 0.0209202 0)
(-0.0301097 0.0256404 0)
(-0.0444269 0.0278516 0)
(-0.0589527 0.0277843 0)
(-0.0726996 0.0255857 0)
(-0.0847026 0.0213125 0)
(-0.0940246 0.0150276 0)
(-0.0997921 0.00693981 0)
(-0.101277 -0.00247234 0)
(-0.0980147 -0.0123901 0)
(-0.0899337 -0.0216626 0)
(-0.0774918 -0.0289259 0)
(-0.0617649 -0.0328406 0)
(-0.0444486 -0.0324486 0)
(-0.0276798 -0.0275793 0)
(-0.0136373 -0.0191592 0)
(-0.00413892 -0.00927728 0)
(-0.000362236 -0.00113022 0)
(-0.00160352 0.00840543 0)
(-0.00870914 0.0232307 0)
(-0.0217887 0.0341466 0)
(-0.0378828 0.0408875 0)
(-0.0552404 0.0438421 0)
(-0.0727078 0.0434082 0)
(-0.0892191 0.0398126 0)
(-0.10374 0.0331454 0)
(-0.115258 0.0235099 0)
(-0.122802 0.0112104 0)
(-0.125507 -0.00308285 0)
(-0.122723 -0.0182327 0)
(-0.114161 -0.0326226 0)
(-0.100072 -0.0442805 0)
(-0.0814265 -0.0511682 0)
(-0.0600314 -0.0516706 0)
(-0.0384503 -0.0452281 0)
(-0.0195983 -0.0328966 0)
(-0.00626295 -0.0175293 0)
(-0.000654882 -0.0035634 0)
(-0.00195993 0.0135276 0)
(-0.0104508 0.0350428 0)
(-0.0258458 0.0500414 0)
(-0.04456 0.0589606 0)
(-0.064577 0.0626432 0)
(-0.0846718 0.0617468 0)
(-0.103758 0.0566147 0)
(-0.120793 0.0473728 0)
(-0.134741 0.0341393 0)
(-0.144555 0.0172645 0)
(-0.149219 -0.00245763 0)
(-0.147831 -0.023636 0)
(-0.139758 -0.0442316 0)
(-0.124869 -0.0616228 0)
(-0.103825 -0.0729031 0)
(-0.078378 -0.0754851 0)
(-0.0514701 -0.0680137 0)
(-0.0269175 -0.0513431 0)
(-0.0088638 -0.0290441 0)
(-0.000998462 -0.00712314 0)
(-0.00223033 0.0194991 0)
(-0.0118006 0.0486444 0)
(-0.0290299 0.0681695 0)
(-0.0498462 0.0794326 0)
(-0.0720354 0.0838855 0)
(-0.0943479 0.0825388 0)
(-0.11573 0.0758946 0)
(-0.13519 0.0641138 0)
(-0.151724 0.0472895 0)
(-0.164249 0.0257406 0)
(-0.171603 0.000275395 0)
(-0.172604 -0.0275881 0)
(-0.166187 -0.0554811 0)
(-0.151665 -0.080147 0)
(-0.129151 -0.0976634 0)
(-0.100059 -0.104094 0)
(-0.0675079 -0.0967001 0)
(-0.0362677 -0.075538 0)
(-0.0122967 -0.044675 0)
(-0.00147683 -0.0121174 0)
(-0.00239969 0.0260849 0)
(-0.0126854 0.063567 0)
(-0.0311643 0.0879719 0)
(-0.0534314 0.101735 0)
(-0.0771454 0.107045 0)
(-0.101075 0.105356 0)
(-0.12425 0.0973753 0)
(-0.14579 0.0833011 0)
(-0.164787 0.063158 0)
(-0.180193 0.0371423 0)
(-0.190764 0.00593967 0)
(-0.195069 -0.0289797 0)
(-0.191586 -0.0650832 0)
(-0.178962 -0.098594 0)
(-0.1565 -0.124523 0)
(-0.124884 -0.137233 0)
(-0.0869647 -0.131856 0)
(-0.0482596 -0.106669 0)
(-0.0169585 -0.065606 0)
(-0.00219248 -0.0190622 0)
(-0.00245721 0.0330122 0)
(-0.0130525 0.0792635 0)
(-0.0321111 0.108774 0)
(-0.0550415 0.125141 0)
(-0.0794375 0.131393 0)
(-0.104122 0.129514 0)
(-0.128253 0.120471 0)
(-0.151123 0.104515 0)
(-0.172002 0.0815692 0)
(-0.189978 0.0516239 0)
(-0.203847 0.0150998 0)
(-0.212047 -0.0267768 0)
(-0.21269 -0.071559 0)
(-0.203744 -0.115205 0)
(-0.183503 -0.151797 0)
(-0.151458 -0.173802 0)
(-0.109504 -0.173449 0)
(-0.0632612 -0.145808 0)
(-0.0232711 -0.093292 0)
(-0.00327945 -0.0287036 0)
(-0.00240795 0.0399897 0)
(-0.0129085 0.09514 0)
(-0.0318403 0.129803 0)
(-0.0545367 0.148758 0)
(-0.0785724 0.155956 0)
(-0.102854 0.153999 0)
(-0.126713 0.144182 0)
(-0.149675 0.126843 0)
(-0.171275 0.101801 0)
(-0.190866 0.0687872 0)
(-0.207451 0.0278415 0)
(-0.219541 -0.0202545 0)
(-0.225101 -0.0734445 0)
(-0.221566 -0.127823 0)
(-0.206171 -0.176937 0)
(-0.176832 -0.211511 0)
(-0.133633 -0.220299 0)
(-0.0811298 -0.19343 0)
(-0.0316502 -0.129289 0)
(-0.00492587 -0.0420454 0)
(-0.00228877 0.0467549 0)
(-0.0123719 0.110627 0)
(-0.030523 0.150245 0)
(-0.0520392 0.171556 0)
(-0.0745075 0.17952 0)
(-0.0969568 0.177455 0)
(-0.118939 0.167062 0)
(-0.140275 0.148825 0)
(-0.160851 0.122492 0)
(-0.180408 0.0875319 0)
(-0.198346 0.0435497 0)
(-0.213501 -0.00927669 0)
(-0.224013 -0.0696415 0)
(-0.227112 -0.134219 0)
(-0.219182 -0.196707 0)
(-0.196422 -0.246719 0)
(-0.156328 -0.269538 0)
(-0.100831 -0.248728 0)
(-0.0424106 -0.174905 0)
(-0.00739887 -0.0603803 0)
(-0.00219115 0.0531568 0)
(-0.0117411 0.125297 0)
(-0.0286379 0.169335 0)
(-0.0480668 0.192427 0)
(-0.0676592 0.200677 0)
(-0.0866416 0.198228 0)
(-0.104861 0.187274 0)
(-0.122496 0.168509 0)
(-0.139849 0.141674 0)
(-0.15714 0.106023 0)
(-0.174317 0.0607342 0)
(-0.190839 0.00530916 0)
(-0.205327 -0.059889 0)
(-0.215247 -0.132662 0)
(-0.216688 -0.207716 0)
(-0.204415 -0.274696 0)
(-0.172946 -0.316314 0)
(-0.120019 -0.308804 0)
(-0.0555422 -0.230582 0)
(-0.0110519 -0.085297 0)
(-0.00230039 0.0592905 0)
(-0.0115885 0.139032 0)
(-0.0270855 0.186475 0)
(-0.043637 0.210262 0)
(-0.058996 0.2179 0)
(-0.0727512 0.214477 0)
(-0.0851708 0.202734 0)
(-0.0968644 0.183634 0)
(-0.108591 0.156968 0)
(-0.121093 0.121861 0)
(-0.134935 0.0771418 0)
(-0.150302 0.0216889 0)
(-0.166644 -0.045105 0)
(-0.182221 -0.122578 0)
(-0.193525 -0.20728 0)
(-0.194688 -0.290408 0)
(-0.177582 -0.354053 0)
(-0.134764 -0.368047 0)
(-0.0702903 -0.29492 0)
(-0.0162637 -0.118567 0)
(-0.00297232 0.06572 0)
(-0.0129072 0.152234 0)
(-0.0272969 0.201325 0)
(-0.040281 0.22399 0)
(-0.0499603 0.22959 0)
(-0.056612 0.224261 0)
(-0.061129 0.211278 0)
(-0.0646399 0.191853 0)
(-0.0683735 0.165864 0)
(-0.0735611 0.132382 0)
(-0.0813463 0.0900236 0)
(-0.0926486 0.0372086 0)
(-0.10789 -0.0275453 0)
(-0.126533 -0.105104 0)
(-0.146293 -0.194416 0)
(-0.161911 -0.289772 0)
(-0.163836 -0.375472 0)
(-0.139594 -0.418138 0)
(-0.0845223 -0.36348 0)
(-0.0232062 -0.161717 0)
(-0.00487849 0.073867 0)
(-0.0173316 0.166045 0)
(-0.0312597 0.213775 0)
(-0.0397826 0.232465 0)
(-0.0419584 0.234001 0)
(-0.0393314 0.225543 0)
(-0.0337017 0.21073 0)
(-0.0268067 0.1909 0)
(-0.0203249 0.165963 0)
(-0.0158885 0.134973 0)
(-0.0150952 0.0964641 0)
(-0.019475 0.0486277 0)
(-0.0303581 -0.0105639 0)
(-0.0485401 -0.083163 0)
(-0.0735791 -0.170491 0)
(-0.102211 -0.270955 0)
(-0.125536 -0.374186 0)
(-0.127715 -0.449005 0)
(-0.0939618 -0.427967 0)
(-0.0312617 -0.215273 0)
(-0.00921275 0.086746 0)
(-0.0272994 0.182452 0)
(-0.0410098 0.22359 0)
(-0.0429073 0.234062 0)
(-0.0345402 0.228923 0)
(-0.0196136 0.215984 0)
(-0.00112357 0.198813 0)
(0.0185455 0.17858 0)
(0.0373423 0.155081 0)
(0.0533742 0.127333 0)
(0.0647707 0.0938771 0)
(0.0696036 0.0529029 0)
(0.0658551 0.00225104 0)
(0.0515816 -0.0606955 0)
(0.0252715 -0.138929 0)
(-0.0127956 -0.23495 0)
(-0.0568657 -0.346131 0)
(-0.0910678 -0.45036 0)
(-0.0915442 -0.476465 0)
(-0.037921 -0.278286 0)
(-0.0176941 0.11046 0)
(-0.0451989 0.203432 0)
(-0.0554842 0.228662 0)
(-0.0444289 0.225083 0)
(-0.019539 0.210502 0)
(0.012378 0.192137 0)
(0.047156 0.172644 0)
(0.0819927 0.152529 0)
(0.114727 0.131239 0)
(0.143467 0.107686 0)
(0.166329 0.0804798 0)
(0.181257 0.0479962 0)
(0.185846 0.00830523 0)
(0.177428 -0.0410861 0)
(0.152981 -0.103671 0)
(0.109791 -0.184718 0)
(0.0485228 -0.289833 0)
(-0.0198446 -0.412506 0)
(-0.0671799 -0.493429 0)
(-0.037167 -0.346518 0)
(-0.0307461 0.156224 0)
(-0.0669612 0.225387 0)
(-0.0566329 0.217468 0)
(-0.0167722 0.194262 0)
(0.0345153 0.170073 0)
(0.0887443 0.147893 0)
(0.14208 0.128157 0)
(0.192313 0.11023 0)
(0.237895 0.0930338 0)
(0.277472 0.075371 0)
(0.309561 0.0560209 0)
(0.332344 0.0337119 0)
(0.343409 0.00701118 0)
(0.339921 -0.0258751 0)
(0.318039 -0.0677729 0)
(0.272949 -0.124291 0)
(0.200156 -0.206531 0)
(0.100064 -0.327012 0)
(-0.00535032 -0.456527 0)
(-0.015363 -0.398758 0)
(-0.028248 0.226546 0)
(-0.0422043 0.223653 0)
(0.0373457 0.166031 0)
(0.127059 0.128168 0)
(0.20848 0.102253 0)
(0.281022 0.0827926 0)
(0.34546 0.0677702 0)
(0.402086 0.0557158 0)
(0.450994 0.0453035 0)
(0.492011 0.0354445 0)
(0.52452 0.0252509 0)
(0.54735 0.0139486 0)
(0.558591 0.000785464 0)
(0.555933 -0.0149508 0)
(0.535568 -0.0349751 0)
(0.492019 -0.0626484 0)
(0.416958 -0.107547 0)
(0.297238 -0.193997 0)
(0.132907 -0.333159 0)
(0.0673977 -0.369502 0)
(0.261499 0.137373 0)
(0.324071 0.118083 0)
(0.4553 0.0773662 0)
(0.560427 0.0519975 0)
(0.633182 0.0365659 0)
(0.687063 0.0263941 0)
(0.729607 0.0194576 0)
(0.763862 0.0145807 0)
(0.79133 0.0109118 0)
(0.812792 0.00784796 0)
(0.828424 0.0049685 0)
(0.837899 0.00197166 0)
(0.840455 -0.00138081 0)
(0.834781 -0.00514056 0)
(0.818684 -0.00988191 0)
(0.788861 -0.0164618 0)
(0.737892 -0.0274025 0)
(0.647965 -0.0517989 0)
(0.474687 -0.111387 0)
(0.341588 -0.15579 0)
)
;

boundaryField
{
    movingWall
    {
        type            fixedValue;
        value           uniform (1 0 0);
    }
    fixedWalls
    {
        type            noSlip;
    }
    frontAndBack
    {
        type            empty;
    }
}


// ************************************************************************* //
