/*--------------------------------*- C++ -*----------------------------------*\
| =========                 |                                                 |
| \\      /  F ield         | OpenFOAM: The Open Source CFD Toolbox           |
|  \\    /   O peration     | Version:  2606                                  |
|   \\  /    A nd           | Website:  www.openfoam.com                      |
|    \\/     M anipulation  |                                                 |
\*---------------------------------------------------------------------------*/
FoamFile
{
    version     2.0;
    format      ascii;
    arch        "LSB;label=32;scalar=64";
    class       volScalarField;
    location    "1.2";
    object      p;
}
// * * * * * * * * * * * * * * * * * * * * * * * * * * * * * * * * * * * * * //

dimensions      [0 2 -2 0 0 0 0];

internalField   nonuniform List<scalar> 
400
(
-4.42303e-07
-0.00063151
-0.0013478
-0.00190184
-0.0021722
-0.00210368
-0.00167265
-0.000871312
0.000287624
0.0017549
0.00342891
0.00514776
0.00670456
0.00787885
0.00849097
0.0084617
0.00785743
0.00690047
0.00594314
0.00538206
0.000623733
-3.4639e-05
-0.000590417
-0.000970031
-0.00114075
-0.00106732
-0.000726931
-0.000106421
0.000792202
0.00193734
0.0032537
0.0046194
0.00586688
0.00681835
0.00732786
0.00733128
0.00688205
0.00615372
0.00539388
0.00482739
0.001383
0.000471984
-0.000115165
-0.000453396
-0.000609537
-0.000575328
-0.000332622
0.000138973
0.000853915
0.00180287
0.00293477
0.0041463
0.00528545
0.00617737
0.00666829
0.00667806
0.00624044
0.00550385
0.00465424
0.00384794
0.00196131
0.000725446
1.87043e-05
-0.000358232
-0.000563836
-0.000614076
-0.000492973
-0.000168487
0.000395979
0.00121782
0.00227026
0.0034646
0.00464698
0.00562143
0.00619617
0.00624613
0.00576966
0.00489881
0.00379227
0.00258524
0.00209816
0.000547109
-0.000300039
-0.000754989
-0.00105678
-0.00123884
-0.00128127
-0.00113413
-0.000731874
-2.3171e-05
0.000996014
0.00225714
0.00360149
0.00479995
0.00559882
0.00579565
0.0053239
0.00428825
0.00283474
0.00111223
0.00156966
-0.000257543
-0.00124698
-0.00181051
-0.00225529
-0.00262536
-0.00289087
-0.00297755
-0.00278302
-0.00221144
-0.00121467
0.000173735
0.00179788
0.00339246
0.00461896
0.00515534
0.00482097
0.00365891
0.00179682
-0.000573481
0.000190504
-0.00185903
-0.0029854
-0.00368695
-0.00432654
-0.0049541
-0.00552588
-0.00593819
-0.00604371
-0.00568737
-0.00475324
-0.00322539
-0.00122136
0.000966277
0.00289725
0.00407854
0.00413956
0.00298967
0.000694963
-0.00249312
-0.00218127
-0.00438976
-0.00564358
-0.0065122
-0.00740292
-0.00837032
-0.00935651
-0.0102264
-0.010781
-0.0107915
-0.0100498
-0.00844025
-0.00600837
-0.0030359
-6.06462e-05
0.00220343
0.0030917
0.00225202
-0.000421809
-0.00463271
-0.00563317
-0.00793229
-0.00929911
-0.0103578
-0.0115517
-0.0129436
-0.0144663
-0.0159559
-0.0171592
-0.0177611
-0.0174333
-0.0159127
-0.0131084
-0.00922313
-0.00484932
-0.000945501
0.00141258
0.00141615
-0.00143331
-0.00688063
-0.0101868
-0.0125089
-0.0139624
-0.0152121
-0.0167356
-0.0186141
-0.0207813
-0.023053
-0.0251252
-0.0265908
-0.0269783
-0.0258314
-0.0228576
-0.0180729
-0.0120262
-0.00588082
-0.00121092
0.000470177
-0.00209721
-0.00893674
-0.0157945
-0.0180807
-0.0195686
-0.0209595
-0.0227785
-0.0251441
-0.0280067
-0.0311739
-0.0343002
-0.0368895
-0.038318
-0.0379011
-0.0351096
-0.0296325
-0.0218305
-0.0129359
-0.00500926
-0.000507783
-0.00196956
-0.0101655
-0.0223557
-0.024565
-0.0259837
-0.0273735
-0.0293484
-0.0320953
-0.0355996
-0.0396729
-0.0439379
-0.0478186
-0.0505554
-0.0512637
-0.0490112
-0.0432001
-0.0338092
-0.0219015
-0.00984838
-0.0011718
-0.000268955
-0.00935916
-0.0297636
-0.0318765
-0.0330282
-0.034127
-0.0359675
-0.0388486
-0.0428056
-0.0476584
-0.0529999
-0.0581816
-0.062313
-0.0642999
-0.0629349
-0.0571811
-0.0465378
-0.0316426
-0.0148389
-0.000599564
0.0043653
-0.00437851
-0.0380081
-0.0399996
-0.0405098
-0.040812
-0.0420463
-0.0446697
-0.048766
-0.0541475
-0.0603618
-0.0666799
-0.0720869
-0.0753027
-0.0748629
-0.0693338
-0.0576953
-0.0399646
-0.0180455
0.0030489
0.0142323
0.00829497
-0.0473923
-0.0490972
-0.0482473
-0.0469551
-0.0469363
-0.048812
-0.0526722
-0.0582743
-0.0650773
-0.0722415
-0.0786146
-0.0827376
-0.0829096
-0.0773576
-0.0645896
-0.0439525
-0.0165779
0.0126494
0.0328243
0.0337871
-0.0590051
-0.0596805
-0.0560597
-0.0520173
-0.0499927
-0.0506363
-0.0539276
-0.0594827
-0.0666009
-0.0742808
-0.0811964
-0.0856929
-0.085838
-0.0795427
-0.0649093
-0.0406854
-0.00709997
0.0318699
0.0646373
0.0784597
-0.0758784
-0.0729254
-0.0638292
-0.0555238
-0.0507555
-0.0498035
-0.0523271
-0.0576722
-0.0648988
-0.0727845
-0.079792
-0.0840427
-0.0833495
-0.0752715
-0.0574828
-0.0281524
0.0133457
0.0646787
0.115046
0.151084
-0.106655
-0.0909963
-0.0716156
-0.0572807
-0.0491036
-0.0463504
-0.0480825
-0.0532003
-0.0604294
-0.068291
-0.0750298
-0.0785444
-0.0763814
-0.0656936
-0.0435981
-0.00732154
0.0451347
0.113278
0.191094
0.271626
-0.178195
-0.114503
-0.0747895
-0.0533103
-0.0422393
-0.0383927
-0.0400227
-0.0454584
-0.0530462
-0.0611006
-0.0677404
-0.070746
-0.0674719
-0.054751
-0.0291229
0.0136904
0.0786631
0.171312
0.299046
0.473262
-0.344948
-0.135735
-0.0555106
-0.0319499
-0.0231038
-0.0213033
-0.0250328
-0.032428
-0.0416287
-0.050935
-0.0585326
-0.0622863
-0.0596918
-0.0477677
-0.0222037
0.0221109
0.0939722
0.211295
0.409339
0.738621
)
;

boundaryField
{
    movingWall
    {
        type            zeroGradient;
    }
    fixedWalls
    {
        type            zeroGradient;
    }
    frontAndBack
    {
        type            empty;
    }
}


// ************************************************************************* //
