/*--------------------------------*- C++ -*----------------------------------*\
| =========                 |                                                 |
| \\      /  F ield         | OpenFOAM: The Open Source CFD Toolbox           |
|  \\    /   O peration     | Version:  2606                                  |
|   \\  /    A nd           | Website:  www.openfoam.com                      |
|    \\/     M anipulation  |                                                 |
\*---------------------------------------------------------------------------*/
FoamFile
{
    version     2.0;
    format      ascii;
    arch        "LSB;label=32;scalar=64";
    class       surfaceScalarField;
    location    "1.2";
    object      phi;
}
// * * * * * * * * * * * * * * * * * * * * * * * * * * * * * * * * * * * * * //

dimensions      [0 3 -1 0 0 0 0];

oriented        oriented;

internalField   nonuniform List<scalar> 
760
(
1.25389e-08
-1.25153e-08
-2.86841e-08
4.12228e-08
-1.22557e-07
9.38718e-08
-2.50886e-07
1.2833e-07
-3.96632e-07
1.45746e-07
-5.45973e-07
1.49341e-07
-6.86903e-07
1.4093e-07
-8.07622e-07
1.20719e-07
-8.95837e-07
8.82149e-08
-9.39465e-07
4.36274e-08
-9.28535e-07
-1.093e-08
-8.58323e-07
-7.02125e-08
-7.32046e-07
-1.26277e-07
-5.62996e-07
-1.6905e-07
-3.74261e-07
-1.88735e-07
-1.95534e-07
-1.78727e-07
-5.68802e-08
-1.38654e-07
1.96145e-08
-7.64948e-08
2.96968e-08
-1.00826e-08
2.96964e-08
-4.30756e-08
3.05604e-08
-2.0417e-07
2.02316e-07
-4.67946e-07
3.57646e-07
-8.00727e-07
4.61111e-07
-1.16796e-06
5.12979e-07
-1.53778e-06
5.19158e-07
-1.88039e-06
4.83544e-07
-2.16678e-06
4.0711e-07
-2.36864e-06
2.90072e-07
-2.46042e-06
1.35406e-07
-2.42358e-06
-4.77681e-08
-2.25104e-06
-2.42747e-07
-1.953e-06
-4.24325e-07
-1.5591e-06
-5.6295e-07
-1.11765e-06
-6.30185e-07
-6.89269e-07
-6.07105e-07
-3.35004e-07
-4.92919e-07
-1.00728e-07
-3.10771e-07
-1.31418e-09
-1.09497e-07
2.83821e-08
-1.10448e-07
1.41008e-07
-4.0315e-07
4.9502e-07
-8.31385e-07
7.85881e-07
-1.34571e-06
9.75439e-07
-1.899e-06
1.06627e-06
-2.44752e-06
1.06767e-06
-2.94973e-06
9.85761e-07
-3.36531e-06
8.22685e-07
-3.65572e-06
5.80478e-07
-3.78718e-06
2.66868e-07
-3.73555e-06
-9.9398e-08
-3.49219e-06
-4.86102e-07
-3.06981e-06
-8.46709e-07
-2.50605e-06
-1.12671e-06
-1.8632e-06
-1.27303e-06
-1.22162e-06
-1.24869e-06
-6.65706e-07
-1.04883e-06
-2.63998e-07
-7.12479e-07
-4.83903e-08
-3.25105e-07
-2.0008e-08
-1.73694e-07
3.14701e-07
-5.93445e-07
9.14772e-07
-1.17762e-06
1.37005e-06
-1.85815e-06
1.65597e-06
-2.57675e-06
1.78487e-06
-3.2815e-06
1.77242e-06
-3.92367e-06
1.62793e-06
-4.45603e-06
1.35505e-06
-4.83343e-06
9.5788e-07
-5.01578e-06
4.49225e-07
-4.97303e-06
-1.42153e-07
-4.69129e-06
-7.67839e-07
-4.17978e-06
-1.35822e-06
-3.47642e-06
-1.83006e-06
-2.6504e-06
-2.09906e-06
-1.79803e-06
-2.10106e-06
-1.02884e-06
-1.81802e-06
-4.41716e-07
-1.29961e-06
-9.75209e-08
-6.693e-07
-1.17529e-07
-2.29729e-07
5.4443e-07
-7.64903e-07
1.44995e-06
-1.49099e-06
2.09614e-06
-2.32175e-06
2.48673e-06
-3.18926e-06
2.65239e-06
-4.03622e-06
2.61938e-06
-4.81013e-06
2.40184e-06
-5.46019e-06
2.0051e-06
-5.93692e-06
1.43461e-06
-6.19433e-06
7.06642e-07
-6.19446e-06
-1.42026e-07
-5.91316e-06
-1.04913e-06
-5.349e-06
-1.92238e-06
-4.53189e-06
-2.64717e-06
-3.53098e-06
-3.09997e-06
-2.45609e-06
-3.17595e-06
-1.44652e-06
-2.82758e-06
-6.43211e-07
-2.10292e-06
-1.49851e-07
-1.16266e-06
-2.67379e-07
-2.77008e-07
8.21438e-07
-9.11067e-07
2.08401e-06
-1.75982e-06
2.94489e-06
-2.72147e-06
3.44838e-06
-3.7207e-06
3.65161e-06
-4.6974e-06
3.59608e-06
-5.59831e-06
3.30275e-06
-6.37183e-06
2.77862e-06
-6.96605e-06
2.02883e-06
-7.32932e-06
1.06991e-06
-7.41376e-06
-5.75882e-08
-7.18009e-06
-1.2828e-06
-6.60879e-06
-2.49368e-06
-5.71222e-06
-3.54374e-06
-4.55005e-06
-4.26214e-06
-3.24009e-06
-4.48592e-06
-1.95449e-06
-4.11318e-06
-8.90117e-07
-3.16729e-06
-2.13076e-07
-1.8397e-06
-4.80454e-07
-3.13708e-07
1.13515e-06
-1.02567e-06
2.79597e-06
-1.97234e-06
3.89155e-06
-3.04008e-06
4.51612e-06
-4.1488e-06
4.76033e-06
-5.23818e-06
4.68547e-06
-6.25697e-06
4.32154e-06
-7.15562e-06
3.67727e-06
-7.88215e-06
2.75536e-06
-8.38067e-06
1.56844e-06
-8.5921e-06
1.53837e-07
-8.46034e-06
-1.41456e-06
-7.94053e-06
-3.0135e-06
-7.01723e-06
-4.46703e-06
-5.72732e-06
-5.55205e-06
-4.18427e-06
-6.02897e-06
-2.58944e-06
-5.70801e-06
-1.20835e-06
-4.54838e-06
-2.96791e-07
-2.75126e-06
-7.77246e-07
-3.37825e-07
1.47297e-06
-1.10249e-06
3.56064e-06
-2.11646e-06
4.90552e-06
-3.25821e-06
5.65787e-06
-4.44543e-06
5.94755e-06
-5.62006e-06
5.8601e-06
-6.73558e-06
5.43706e-06
-7.74764e-06
4.68933e-06
-8.60759e-06
3.61531e-06
-9.25842e-06
2.21927e-06
-9.63313e-06
5.28545e-07
-9.65797e-06
-1.38972e-06
-9.26024e-06
-3.41122e-06
-8.38716e-06
-5.34011e-06
-7.03614e-06
-6.90307e-06
-5.29496e-06
-7.77014e-06
-3.37785e-06
-7.62513e-06
-1.62361e-06
-6.30261e-06
-4.11707e-07
-3.96316e-06
-1.18895e-06
-3.47839e-07
1.82081e-06
-1.13672e-06
4.34952e-06
-2.18192e-06
5.95072e-06
-3.35733e-06
6.83327e-06
-4.58064e-06
7.17086e-06
-5.79816e-06
7.07762e-06
-6.97083e-06
6.60973e-06
-8.06301e-06
5.78152e-06
-9.03393e-06
4.58622e-06
-9.83107e-06
3.01642e-06
-1.03857e-05
1.08314e-06
-1.06117e-05
-1.16374e-06
-1.04106e-05
-3.61226e-06
-9.68729e-06
-6.06344e-06
-8.38294e-06
-8.20743e-06
-6.53025e-06
-9.62283e-06
-4.32239e-06
-9.83299e-06
-2.15688e-06
-8.46812e-06
-5.6969e-07
-5.55036e-06
-1.75864e-06
-3.43868e-07
2.16468e-06
-1.12779e-06
5.13344e-06
-2.16452e-06
6.98746e-06
-3.32548e-06
7.99422e-06
-4.53007e-06
8.37545e-06
-5.73096e-06
8.27851e-06
-6.89914e-06
7.77792e-06
-8.01143e-06
6.8938e-06
-9.04025e-06
5.61504e-06
-9.94505e-06
3.92122e-06
-1.06647e-05
1.80274e-06
-1.11108e-05
-7.1761e-07
-1.11697e-05
-3.55336e-06
-1.07059e-05
-6.52718e-06
-9.59406e-06
-9.31931e-06
-7.7801e-06
-1.14368e-05
-5.38464e-06
-1.22284e-05
-2.81745e-06
-1.10353e-05
-7.84021e-07
-7.58378e-06
-2.54267e-06
-3.2923e-07
2.49391e-06
-1.08301e-06
5.88722e-06
-2.0717e-06
7.97615e-06
-3.16461e-06
9.08714e-06
-4.28463e-06
9.49547e-06
-5.39309e-06
9.38696e-06
-6.47377e-06
8.8586e-06
-7.51954e-06
7.93957e-06
-8.52127e-06
6.61677e-06
-9.45807e-06
4.85803e-06
-1.0288e-05
2.63268e-06
-1.0933e-05
-7.26519e-08
-1.12833e-05
-3.20301e-06
-1.11754e-05
-6.63508e-06
-1.04202e-05
-1.00745e-05
-8.85429e-06
-1.30027e-05
-6.46562e-06
-1.46171e-05
-3.59101e-06
-1.39099e-05
-1.06897e-06
-1.01058e-05
-3.61163e-06
-3.12534e-07
2.80644e-06
-1.02214e-06
6.59683e-06
-1.92863e-06
8.88264e-06
-2.89803e-06
1.00565e-05
-3.85976e-06
1.04572e-05
-4.78767e-06
1.03149e-05
-5.68175e-06
9.75268e-06
-6.55408e-06
8.8119e-06
-7.41798e-06
7.48067e-06
-8.27827e-06
5.71832e-06
-9.12025e-06
3.47465e-06
-9.90058e-06
7.07685e-07
-1.05191e-05
-2.58448e-06
-1.08189e-05
-6.33534e-06
-1.05668e-05
-1.03266e-05
-9.48926e-06
-1.40802e-05
-7.39135e-06
-1.6715e-05
-4.42221e-06
-1.68791e-05
-1.43696e-06
-1.30911e-05
-5.04859e-06
-3.10895e-07
3.11734e-06
-9.82839e-07
7.26877e-06
-1.78384e-06
9.68364e-06
-2.57532e-06
1.0848e-05
-3.30033e-06
1.11822e-05
-3.95252e-06
1.09671e-05
-4.55291e-06
1.03531e-05
-5.13565e-06
9.39463e-06
-5.7384e-06
8.08342e-06
-6.39435e-06
6.37427e-06
-7.12301e-06
4.20331e-06
-7.91815e-06
1.50282e-06
-8.72369e-06
-1.77894e-06
-9.41206e-06
-5.64696e-06
-9.74823e-06
-9.99046e-06
-9.38008e-06
-1.44483e-05
-7.91359e-06
-1.81815e-05
-5.19465e-06
-1.9598e-05
-1.89028e-06
-1.63955e-05
-6.93887e-06
-3.55674e-07
3.47301e-06
-1.02755e-06
7.94064e-06
-1.71227e-06
1.03684e-05
-2.27053e-06
1.14063e-05
-2.67493e-06
1.15866e-05
-2.95156e-06
1.12437e-05
-3.14951e-06
1.0551e-05
-3.32737e-06
9.57249e-06
-3.54667e-06
8.30272e-06
-3.86722e-06
6.69482e-06
-4.34151e-06
4.6776e-06
-5.00514e-06
2.16644e-06
-5.85773e-06
-9.26348e-07
-6.83253e-06
-4.67216e-06
-7.7443e-06
-9.07869e-06
-8.22811e-06
-1.39645e-05
-7.72877e-06
-1.86809e-05
-5.71451e-06
-2.16123e-05
-2.40242e-06
-1.97075e-05
-9.34129e-06
-5.02924e-07
3.97593e-06
-1.25047e-06
8.68819e-06
-1.80893e-06
1.09268e-05
-2.06246e-06
1.16598e-05
-2.04535e-06
1.15695e-05
-1.83572e-06
1.10341e-05
-1.51945e-06
1.02348e-05
-1.18142e-06
9.23446e-06
-9.04249e-07
8.02555e-06
-7.69041e-07
6.55961e-06
-8.54669e-07
4.76323e-06
-1.23413e-06
2.5459e-06
-1.96368e-06
-1.96796e-07
-3.05561e-06
-3.58023e-06
-4.42331e-06
-7.71099e-06
-5.77739e-06
-1.26104e-05
-6.5022e-06
-1.79561e-05
-5.69835e-06
-2.24161e-05
-2.88508e-06
-2.25208e-05
-1.22264e-05
-8.47908e-07
4.82384e-06
-1.76978e-06
9.61006e-06
-2.14225e-06
1.12993e-05
-1.95635e-06
1.14739e-05
-1.36627e-06
1.09794e-05
-5.27384e-07
1.01952e-05
4.29838e-07
9.27754e-06
1.39551e-06
8.26879e-06
2.27115e-06
7.14992e-06
2.96235e-06
5.86841e-06
3.3732e-06
4.35238e-06
3.40382e-06
2.51528e-06
2.95161e-06
2.55413e-07
1.92849e-06
-2.55711e-06
2.97837e-07
-6.08034e-06
-1.80982e-06
-1.05028e-05
-3.87612e-06
-1.58898e-05
-4.75846e-06
-2.15338e-05
-3.14525e-06
-2.4134e-05
-1.53716e-05
-1.52398e-06
6.34782e-06
-2.62364e-06
1.07097e-05
-2.54605e-06
1.12217e-05
-1.61266e-06
1.05405e-05
-1.85661e-07
9.55242e-06
1.48455e-06
8.52497e-06
3.22791e-06
7.53418e-06
4.92082e-06
6.57588e-06
6.46251e-06
5.60822e-06
7.75843e-06
4.5725e-06
8.70901e-06
3.40179e-06
9.20221e-06
2.02208e-06
9.1062e-06
3.51423e-07
8.27845e-06
-1.72937e-06
6.57034e-06
-4.37224e-06
3.91462e-06
-7.84705e-06
5.80025e-07
-1.25552e-05
-2.36874e-06
-1.8585e-05
-2.85307e-06
-2.36497e-05
-1.82247e-05
-2.58672e-06
8.93454e-06
-3.222e-06
1.1345e-05
-1.85611e-06
9.8558e-06
4.48523e-07
8.23588e-06
3.08752e-06
6.91343e-06
5.77706e-06
5.83542e-06
8.36743e-06
4.94381e-06
1.07651e-05
4.17825e-06
1.28981e-05
3.47518e-06
1.46955e-05
2.77507e-06
1.60738e-05
2.02356e-06
1.69274e-05
1.16842e-06
1.71189e-05
1.59903e-07
1.64846e-05
-1.09499e-06
1.47997e-05
-2.68737e-06
1.1815e-05
-4.8624e-06
7.40926e-06
-8.14939e-06
2.26259e-06
-1.34383e-05
-1.19609e-06
-2.0191e-05
-1.94208e-05
-2.63351e-06
1.15681e-05
-7.25904e-08
8.78407e-06
4.22742e-06
5.55579e-06
8.43546e-06
4.02784e-06
1.22605e-05
3.08835e-06
1.5682e-05
2.41394e-06
1.87068e-05
1.91901e-06
2.13446e-05
1.54046e-06
2.35953e-05
1.22446e-06
2.54389e-05
9.31499e-07
2.68297e-05
6.3274e-07
2.76907e-05
3.07409e-07
2.79112e-05
-6.05508e-08
2.73497e-05
-5.33514e-07
2.57639e-05
-1.10155e-06
2.2808e-05
-1.90649e-06
1.79682e-05
-3.30958e-06
1.09272e-05
-6.3974e-06
3.18418e-06
-1.24479e-05
-1.62366e-05
1.15681e-05
2.03521e-05
2.59079e-05
2.99358e-05
3.30241e-05
3.54381e-05
3.73571e-05
3.88975e-05
4.0122e-05
4.10535e-05
4.16862e-05
4.19936e-05
4.19331e-05
4.13996e-05
4.0298e-05
3.83915e-05
3.50819e-05
2.86845e-05
1.62366e-05
)
;

boundaryField
{
    movingWall
    {
        type            calculated;
        value           uniform 0;
    }
    fixedWalls
    {
        type            calculated;
        value           uniform 0;
    }
    frontAndBack
    {
        type            empty;
    }
}


// ************************************************************************* //
