/*--------------------------------*- C++ -*----------------------------------*\
| =========                 |                                                 |
| \\      /  F ield         | OpenFOAM: The Open Source CFD Toolbox           |
|  \\    /   O peration     | Version:  2606                                  |
|   \\  /    A nd           | Website:  www.openfoam.com                      |
|    \\/     M anipulation  |                                                 |
\*---------------------------------------------------------------------------*/
FoamFile
{
    version     2.0;
    format      ascii;
    arch        "LSB;label=32;scalar=64";
    class       volVectorField;
    location    "1.2";
    object      U;
}
// * * * * * * * * * * * * * * * * * * * * * * * * * * * * * * * * * * * * * //

dimensions      [0 1 -1 0 0 0 0];

internalField   nonuniform List<vector> 
400
(
(0.000251521 -0.000253821 0)
(7.34399e-05 0.000125567 0)
(-0.00133351 0.000548572 0)
(-0.00362877 0.000823249 0)
(-0.0064342 0.000964334 0)
(-0.00944287 0.00100692 0)
(-0.0123999 0.000969775 0)
(-0.0150698 0.000853771 0)
(-0.0172105 0.000650364 0)
(-0.0185723 0.000354453 0)
(-0.0189256 -2.33637e-05 0)
(-0.0181127 -0.000449722 0)
(-0.0161104 -0.00086169 0)
(-0.0130819 -0.00117873 0)
(-0.00939838 -0.00131962 0)
(-0.00560517 -0.00122785 0)
(-0.00232579 -0.000897687 0)
(-0.000113712 -0.000392914 0)
(0.000734288 0.000137711 0)
(0.000401246 0.000382021 0)
(-0.000140113 -8.66022e-05 0)
(-0.00191862 0.00182911 0)
(-0.00629382 0.00370051 0)
(-0.0124445 0.00495643 0)
(-0.0196066 0.00560184 0)
(-0.027126 0.00572731 0)
(-0.0343932 0.00538911 0)
(-0.0408211 0.00459615 0)
(-0.0458304 0.00333868 0)
(-0.0488681 0.0016353 0)
(-0.0494725 -0.000421889 0)
(-0.0473661 -0.0026396 0)
(-0.0425647 -0.00472101 0)
(-0.0354641 -0.00630528 0)
(-0.0268597 -0.00704362 0)
(-0.0178795 -0.00670444 0)
(-0.00979922 -0.00528062 0)
(-0.00375347 -0.00306212 0)
(-0.00041052 -0.000672158 0)
(0.000270038 0.000768873 0)
(-0.000675317 0.00145058 0)
(-0.0043285 0.00636381 0)
(-0.0117508 0.0106422 0)
(-0.0214629 0.0134919 0)
(-0.0323708 0.0149081 0)
(-0.0436007 0.0150305 0)
(-0.0543127 0.0139547 0)
(-0.0636857 0.0117091 0)
(-0.0709208 0.00831194 0)
(-0.0752759 0.00386293 0)
(-0.0761467 -0.00137168 0)
(-0.0731803 -0.00690876 0)
(-0.0663982 -0.012059 0)
(-0.0562981 -0.0160061 0)
(-0.0438939 -0.0179681 0)
(-0.0306554 -0.0174211 0)
(-0.0183019 -0.014335 0)
(-0.00844196 -0.00933631 0)
(-0.00221456 -0.00374977 0)
(-5.71996e-05 0.000299574 0)
(-0.00116961 0.00431708 0)
(-0.00662754 0.0135478 0)
(-0.0169865 0.0208623 0)
(-0.0300194 0.0255696 0)
(-0.0442964 0.0277758 0)
(-0.0587835 0.0277108 0)
(-0.0724964 0.0255215 0)
(-0.0844731 0.021264 0)
(-0.0937788 0.0150006 0)
(-0.0995416 0.00693826 0)
(-0.101034 -0.00244696 0)
(-0.0977907 -0.0123396 0)
(-0.0897386 -0.0215925 0)
(-0.0773329 -0.0288444 0)
(-0.0616459 -0.0327587 0)
(-0.044369 -0.0323772 0)
(-0.0276347 -0.0275275 0)
(-0.013618 -0.0191314 0)
(-0.00413465 -0.00927113 0)
(-0.000362441 -0.00113484 0)
(-0.00159821 0.00838191 0)
(-0.00868142 0.0231641 0)
(-0.0217214 0.0340493 0)
(-0.0377692 0.0407732 0)
(-0.0550798 0.0437231 0)
(-0.0725031 0.0432956 0)
(-0.0889768 0.0397163 0)
(-0.103469 0.0330746 0)
(-0.11497 0.0234721 0)
(-0.122509 0.0112105 0)
(-0.125222 -0.00304345 0)
(-0.122458 -0.018157 0)
(-0.113926 -0.0325181 0)
(-0.0998757 -0.0441585 0)
(-0.0812737 -0.0510432 0)
(-0.0599239 -0.0515582 0)
(-0.0383849 -0.0451419 0)
(-0.0195671 -0.0328446 0)
(-0.00625401 -0.0175104 0)
(-0.000654282 -0.0035651 0)
(-0.00195355 0.0134875 0)
(-0.0104185 0.0349401 0)
(-0.025769 0.0498981 0)
(-0.0444324 0.058797 0)
(-0.0643989 0.0624767 0)
(-0.0844476 0.0615921 0)
(-0.103495 0.0564847 0)
(-0.120501 0.0472789 0)
(-0.134432 0.0340904 0)
(-0.14424 0.0172659 0)
(-0.148911 -0.0024049 0)
(-0.147542 -0.0235357 0)
(-0.139496 -0.0440926 0)
(-0.124644 -0.0614588 0)
(-0.103644 -0.0727316 0)
(-0.0782453 -0.0753258 0)
(-0.0513851 -0.0678855 0)
(-0.0268741 -0.051259 0)
(-0.00884993 -0.0290063 0)
(-0.000996993 -0.00711946 0)
(-0.00222368 0.0194408 0)
(-0.0117672 0.0485028 0)
(-0.0289512 0.0679775 0)
(-0.0497164 0.079218 0)
(-0.0718557 0.0836705 0)
(-0.0941234 0.0823419 0)
(-0.115469 0.0757315 0)
(-0.134902 0.0639973 0)
(-0.151419 0.0472294 0)
(-0.163939 0.0257422 0)
(-0.171298 0.00033937 0)
(-0.172313 -0.0274662 0)
(-0.165918 -0.0553111 0)
(-0.151428 -0.0799435 0)
(-0.128953 -0.0974458 0)
(-0.0999081 -0.103885 0)
(-0.0674061 -0.0965243 0)
(-0.0362127 -0.0754148 0)
(-0.0122777 -0.0446123 0)
(-0.00147436 -0.0121057 0)
(-0.00239367 0.0260088 0)
(-0.0126549 0.0633877 0)
(-0.0310922 0.0877331 0)
(-0.0533125 0.101472 0)
(-0.0769816 0.106785 0)
(-0.100872 0.10512 0)
(-0.124015 0.0971822 0)
(-0.145533 0.0831645 0)
(-0.164516 0.0630877 0)
(-0.179918 0.0371433 0)
(-0.190491 0.00601179 0)
(-0.194805 -0.0288417 0)
(-0.191338 -0.064889 0)
(-0.178736 -0.0983581 0)
(-0.156305 -0.124265 0)
(-0.124726 -0.136977 0)
(-0.0868524 -0.131631 0)
(-0.0481951 -0.106502 0)
(-0.0169344 -0.065513 0)
(-0.00218883 -0.0190398 0)
(-0.0024527 0.0329208 0)
(-0.0130288 0.0790517 0)
(-0.0320541 0.108494 0)
(-0.0549468 0.124836 0)
(-0.079307 0.131094 0)
(-0.103961 0.129246 0)
(-0.128068 0.120254 0)
(-0.150923 0.104363 0)
(-0.171794 0.0814915 0)
(-0.189768 0.0516242 0)
(-0.203639 0.0151766 0)
(-0.211844 -0.0266293 0)
(-0.212495 -0.0713501 0)
(-0.20356 -0.114948 0)
(-0.183334 -0.15151 0)
(-0.151313 -0.173509 0)
(-0.109393 -0.173179 0)
(-0.0631918 -0.145595 0)
(-0.0232427 -0.0931648 0)
(-0.00327449 -0.0286679 0)
(-0.00240571 0.0398878 0)
(-0.012895 0.0949049 0)
(-0.0318058 0.129494 0)
(-0.0544778 0.148423 0)
(-0.0784905 0.15563 0)
(-0.102754 0.15371 0)
(-0.1266 0.143951 0)
(-0.149556 0.126683 0)
(-0.171155 0.101721 0)
(-0.190749 0.0687887 0)
(-0.207338 0.0279213 0)
(-0.219431 -0.0201038 0)
(-0.224991 -0.0732315 0)
(-0.221454 -0.127559 0)
(-0.206058 -0.176638 0)
(-0.176723 -0.211196 0)
(-0.133539 -0.219997 0)
(-0.0810636 -0.193178 0)
(-0.0316195 -0.129126 0)
(-0.00491958 -0.0419942 0)
(-0.0022893 0.0466489 0)
(-0.0123711 0.110381 0)
(-0.0305166 0.149921 0)
(-0.0520248 0.171205 0)
(-0.0744857 0.179181 0)
(-0.0969306 0.177157 0)
(-0.118913 0.166827 0)
(-0.140254 0.148666 0)
(-0.160837 0.122416 0)
(-0.180403 0.0875385 0)
(-0.198347 0.0436333 0)
(-0.213503 -0.00912473 0)
(-0.22401 -0.0694336 0)
(-0.227098 -0.133965 0)
(-0.21915 -0.196417 0)
(-0.196373 -0.246406 0)
(-0.156271 -0.269225 0)
(-0.10078 -0.24845 0)
(-0.0423812 -0.174712 0)
(-0.00739158 -0.0603127 0)
(-0.0021946 0.053054 0)
(-0.0117541 0.125055 0)
(-0.0286624 0.169013 0)
(-0.0481014 0.192076 0)
(-0.0677033 0.20034 0)
(-0.0866962 0.197935 0)
(-0.104928 0.187046 0)
(-0.122578 0.168361 0)
(-0.139945 0.141608 0)
(-0.157248 0.106038 0)
(-0.174434 0.0608216 0)
(-0.190958 0.00545717 0)
(-0.205439 -0.0596943 0)
(-0.215339 -0.13243 0)
(-0.216752 -0.207453 0)
(-0.204443 -0.274409 0)
(-0.172942 -0.316015 0)
(-0.119995 -0.308522 0)
(-0.0555197 -0.230369 0)
(-0.0110444 -0.0852143 0)
(-0.0023066 0.0591986 0)
(-0.011615 0.138809 0)
(-0.0271408 0.186173 0)
(-0.0437205 0.20993 0)
(-0.0591057 0.21758 0)
(-0.0728853 0.214202 0)
(-0.0853278 0.202525 0)
(-0.0970425 0.183502 0)
(-0.108788 0.156918 0)
(-0.121303 0.121886 0)
(-0.135153 0.0772322 0)
(-0.15052 0.0218295 0)
(-0.166852 -0.0449274 0)
(-0.182408 -0.122375 0)
(-0.193677 -0.207057 0)
(-0.194794 -0.290166 0)
(-0.177639 -0.353793 0)
(-0.134778 -0.367788 0)
(-0.0702812 -0.294706 0)
(-0.0162577 -0.118474 0)
(-0.00298077 0.0656461 0)
(-0.0129453 0.152044 0)
(-0.0273792 0.20106 0)
(-0.0404083 0.223694 0)
(-0.0501284 0.229303 0)
(-0.0568161 0.224015 0)
(-0.0613636 0.211094 0)
(-0.0648987 0.191743 0)
(-0.0686498 0.165829 0)
(-0.0738478 0.132417 0)
(-0.0816361 0.0901157 0)
(-0.0929338 0.0373423 0)
(-0.108163 -0.0273853 0)
(-0.126782 -0.10493 0)
(-0.146508 -0.194236 0)
(-0.16208 -0.289582 0)
(-0.163948 -0.375269 0)
(-0.139648 -0.417924 0)
(-0.084532 -0.363286 0)
(-0.0232035 -0.161621 0)
(-0.00488829 0.0738167 0)
(-0.0173777 0.165901 0)
(-0.0313617 0.213561 0)
(-0.0399422 0.23222 0)
(-0.0421702 0.233759 0)
(-0.0395876 0.225334 0)
(-0.0339924 0.210575 0)
(-0.0271214 0.19081 0)
(-0.020653 0.165939 0)
(-0.0162202 0.135011 0)
(-0.0154219 0.0965519 0)
(-0.0197895 0.0487502 0)
(-0.0306543 -0.0104228 0)
(-0.048812 -0.0830174 0)
(-0.0738192 -0.17035 0)
(-0.10241 -0.270817 0)
(-0.125682 -0.374044 0)
(-0.1278 -0.448851 0)
(-0.0939908 -0.427814 0)
(-0.0312641 -0.215185 0)
(-0.00922223 0.0867223 0)
(-0.027347 0.18236 0)
(-0.0411182 0.223438 0)
(-0.0430795 0.233876 0)
(-0.0347707 0.228734 0)
(-0.0198928 0.215817 0)
(-0.001439 0.198687 0)
(0.0182077 0.178506 0)
(0.0369956 0.155062 0)
(0.0530307 0.127366 0)
(0.0644402 0.093952 0)
(0.0692931 0.053007 0)
(0.0655693 0.0023695 0)
(0.0513232 -0.0605766 0)
(0.0250434 -0.13882 0)
(-0.0129889 -0.234853 0)
(-0.0570166 -0.346042 0)
(-0.0911658 -0.450265 0)
(-0.0915862 -0.476363 0)
(-0.0379285 -0.278217 0)
(-0.0177005 0.11046 0)
(-0.0452375 0.203389 0)
(-0.0555778 0.228571 0)
(-0.0445825 0.224959 0)
(-0.0197501 0.210367 0)
(0.0121178 0.192013 0)
(0.046859 0.172547 0)
(0.0816732 0.152469 0)
(0.114399 0.131221 0)
(0.143145 0.107707 0)
(0.166024 0.0805346 0)
(0.180976 0.0480748 0)
(0.185594 0.00839592 0)
(0.177207 -0.0409957 0)
(0.152792 -0.103592 0)
(0.109632 -0.184654 0)
(0.0483944 -0.289784 0)
(-0.0199341 -0.412459 0)
(-0.0672229 -0.493375 0)
(-0.0371769 -0.346474 0)
(-0.0307465 0.156239 0)
(-0.0669781 0.22538 0)
(-0.0566862 0.217427 0)
(-0.0168712 0.194193 0)
(0.0343673 0.169991 0)
(0.0885501 0.147813 0)
(0.141848 0.128091 0)
(0.192055 0.110186 0)
(0.237625 0.0930167 0)
(0.277204 0.0753807 0)
(0.309307 0.0560539 0)
(0.332114 0.033762 0)
(0.343208 0.00707087 0)
(0.339753 -0.0258159 0)
(0.317902 -0.0677218 0)
(0.27284 -0.124253 0)
(0.200069 -0.206508 0)
(0.100002 -0.326995 0)
(-0.00538278 -0.456508 0)
(-0.0153715 -0.398741 0)
(-0.0282431 0.22656 0)
(-0.0421965 0.223663 0)
(0.0373417 0.166024 0)
(0.127029 0.128144 0)
(0.208414 0.102219 0)
(0.280918 0.082756 0)
(0.345321 0.0677384 0)
(0.40192 0.0556939 0)
(0.450812 0.0452943 0)
(0.491827 0.0354486 0)
(0.524344 0.0252666 0)
(0.547194 0.0139725 0)
(0.55846 0.000812415 0)
(0.55583 -0.0149235 0)
(0.535493 -0.0349516 0)
(0.491966 -0.0626321 0)
(0.416921 -0.107539 0)
(0.297213 -0.193994 0)
(0.132892 -0.333156 0)
(0.0673927 -0.3695 0)
(0.261504 0.137379 0)
(0.324084 0.118091 0)
(0.455316 0.0773697 0)
(0.560435 0.0519962 0)
(0.633173 0.0365608 0)
(0.687034 0.0263871 0)
(0.729557 0.0194509 0)
(0.763796 0.0145761 0)
(0.791256 0.0109101 0)
(0.812717 0.00784957 0)
(0.828355 0.00497294 0)
(0.837842 0.00197798 0)
(0.840414 -0.00137542 0)
(0.834757 -0.00513482 0)
(0.818674 -0.00987679 0)
(0.78886 -0.0164585 0)
(0.737895 -0.0274013 0)
(0.647968 -0.051799 0)
(0.474688 -0.111388 0)
(0.341588 -0.155791 0)
)
;

boundaryField
{
    movingWall
    {
        type            fixedValue;
        value           uniform (1 0 0);
    }
    fixedWalls
    {
        type            noSlip;
    }
    frontAndBack
    {
        type            empty;
    }
}


// ************************************************************************* //
