/*--------------------------------*- C++ -*----------------------------------*\
| =========                 |                                                 |
| \\      /  F ield         | OpenFOAM: The Open Source CFD Toolbox           |
|  \\    /   O peration     | Version:  2606                                  |
|   \\  /    A nd           | Website:  www.openfoam.com                      |
|    \\/     M anipulation  |                                                 |
\*---------------------------------------------------------------------------*/
FoamFile
{
    version     2.0;
    format      ascii;
    arch        "LSB;label=32;scalar=64";
    class       volScalarField;
    location    "0.7";
    object      mag(U);
}
// * * * * * * * * * * * * * * * * * * * * * * * * * * * * * * * * * * * * * //

dimensions      [0 1 -1 0 0 0 0];

internalField   nonuniform List<scalar> 
400
(
0.000117522
0.000165574
0.000255737
0.00116534
0.00280192
0.00474735
0.00675189
0.00820315
0.0104151
0.0111593
0.000166798
0.00104759
0.00246287
0.00596253
0.0107783
0.0164625
0.0223979
0.0279536
0.0329459
0.0363324
0.000249069
0.00247317
0.00490074
0.0102773
0.0170298
0.0247281
0.0328518
0.0403453
0.0466786
0.0515576
0.00115844
0.0061521
0.0105684
0.019176
0.0288746
0.0393625
0.050056
0.0599324
0.0679388
0.0742081
0.00294813
0.011664
0.0183838
0.0303437
0.0429526
0.0557179
0.0680227
0.0790223
0.0881668
0.0949427
0.00536633
0.019077
0.028591
0.0443347
0.059734
0.074315
0.0876064
0.0990374
0.108451
0.115273
0.0083884
0.0284446
0.0416095
0.0617168
0.079736
0.0956951
0.109456
0.120714
0.129392
0.135835
0.0114723
0.0398861
0.0572914
0.0825661
0.103176
0.120084
0.133597
0.143686
0.15082
0.156082
0.0170153
0.0544892
0.0766612
0.107566
0.13101
0.148323
0.160555
0.168402
0.172434
0.175881
0.023429
0.0764265
0.106665
0.145787
0.172568
0.189355
0.197941
0.200281
0.199246
0.197311
0.0111784
0.0104502
0.00821959
0.0067305
0.00468559
0.00271838
0.00109075
0.000238756
0.00016448
0.000119131
0.0363715
0.0330135
0.027977
0.0223352
0.0163096
0.0105717
0.00575991
0.00231625
0.000949873
0.00016614
0.0516054
0.0467643
0.0403834
0.0327922
0.0245585
0.0167831
0.010011
0.00468013
0.00230936
0.000233075
0.0742865
0.0681099
0.0600845
0.0501141
0.0392798
0.0286485
0.0188448
0.0102176
0.00585418
0.00104155
0.0951011
0.088568
0.0794846
0.0684211
0.0559322
0.0429035
0.0300298
0.0179155
0.0112148
0.00274243
0.115587
0.109296
0.100099
0.0886713
0.0751395
0.0601145
0.044198
0.0280712
0.0184994
0.00506728
0.136398
0.130937
0.122754
0.111626
0.0975734
0.0809424
0.0620584
0.0412087
0.0278359
0.00801248
0.156976
0.153298
0.147085
0.137371
0.123585
0.10578
0.0838789
0.0573356
0.0394665
0.0110821
0.177126
0.176029
0.173488
0.166469
0.154173
0.135853
0.110667
0.0777956
0.0547063
0.0167181
0.198831
0.203933
0.207489
0.207081
0.1993
0.181781
0.152804
0.110572
0.0785086
0.0236019
0.0325834
0.104109
0.143528
0.191235
0.219667
0.233206
0.234827
0.228498
0.218036
0.20771
0.0458302
0.137954
0.185322
0.23959
0.26698
0.272606
0.262317
0.242607
0.219394
0.195927
0.0530636
0.165938
0.221927
0.278747
0.299031
0.294072
0.271129
0.238769
0.201446
0.164572
0.0690943
0.199617
0.260583
0.313358
0.321684
0.300969
0.262293
0.21512
0.165216
0.109628
0.087352
0.23928
0.301221
0.340245
0.327174
0.286142
0.232194
0.175815
0.12189
0.0579606
0.111938
0.283609
0.338234
0.347078
0.304695
0.247274
0.195118
0.159941
0.142596
0.137897
0.146783
0.328019
0.35677
0.315664
0.25388
0.219296
0.220919
0.243725
0.274882
0.30061
0.21464
0.342377
0.314694
0.255685
0.269819
0.327313
0.390921
0.444047
0.483391
0.512914
0.269846
0.307388
0.283619
0.323357
0.410521
0.492826
0.558834
0.606476
0.635186
0.66216
0.342433
0.483288
0.617904
0.739859
0.795983
0.835167
0.862694
0.886498
0.889357
0.902415
0.208738
0.222215
0.236397
0.246559
0.247777
0.234924
0.204598
0.152604
0.109964
0.0339009
0.194859
0.219458
0.24738
0.273527
0.29014
0.288479
0.260971
0.201992
0.149955
0.0493799
0.159975
0.19467
0.237117
0.278221
0.311033
0.32379
0.306608
0.24587
0.1839
0.0585693
0.0981985
0.148091
0.203672
0.261387
0.313158
0.346232
0.345666
0.29173
0.224417
0.0778112
0.0347535
0.0965165
0.155764
0.221826
0.289637
0.346484
0.372956
0.337992
0.270743
0.0995609
0.137092
0.138628
0.152436
0.186541
0.244334
0.314849
0.373896
0.376173
0.31948
0.127647
0.306491
0.290285
0.263146
0.238116
0.229866
0.261623
0.331723
0.388264
0.362979
0.165107
0.519122
0.50131
0.470444
0.423405
0.361921
0.299235
0.274616
0.333426
0.367346
0.233878
0.666761
0.649072
0.627305
0.586401
0.52602
0.445911
0.353884
0.303972
0.326016
0.285655
0.903566
0.893137
0.891939
0.870922
0.846259
0.810025
0.75619
0.635307
0.497782
0.349508
)
;

boundaryField
{
    movingWall
    {
        type            calculated;
        value           uniform 1;
    }
    fixedWalls
    {
        type            calculated;
        value           uniform 0;
    }
    frontAndBack
    {
        type            empty;
    }
}


// ************************************************************************* //
