/*--------------------------------*- C++ -*----------------------------------*\
| =========                 |                                                 |
| \\      /  F ield         | OpenFOAM: The Open Source CFD Toolbox           |
|  \\    /   O peration     | Version:  2606                                  |
|   \\  /    A nd           | Website:  www.openfoam.com                      |
|    \\/     M anipulation  |                                                 |
\*---------------------------------------------------------------------------*/
FoamFile
{
    version     2.0;
    format      ascii;
    arch        "LSB;label=32;scalar=64";
    class       volScalarField;
    location    "1.6";
    object      p;
}
// * * * * * * * * * * * * * * * * * * * * * * * * * * * * * * * * * * * * * //

dimensions      [0 2 -2 0 0 0 0];

internalField   nonuniform List<scalar> 
400
(
1.13337e-06
-0.00063071
-0.00134959
-0.00190668
-0.00217999
-0.00211403
-0.00168494
-0.000884713
0.000274094
0.0017422
0.00341772
0.00513824
0.0066962
0.00787053
0.00848115
0.00844892
0.00784074
0.0068798
0.00591974
0.00535772
0.000628709
-3.15116e-05
-0.000589573
-0.00097171
-0.0011451
-0.00107432
-0.000736337
-0.000117737
0.000779694
0.00192444
0.00324107
0.00460737
0.00585524
0.00680635
0.00731444
0.00731537
0.00686299
0.00613153
0.0053694
0.00480213
0.00139197
0.000477838
-0.000111861
-0.000452601
-0.000611568
-0.000580433
-0.00034083
0.00012796
0.000840735
0.00178837
0.0029198
0.0041314
0.0052707
0.00616227
0.00665195
0.0066595
0.00621898
0.00547943
0.00462746
0.00381985
0.00197387
0.000733624
2.38181e-05
-0.000355963
-0.000564936
-0.000619072
-0.000502109
-0.000181562
0.000379661
0.00119932
0.00225075
0.003445
0.00462772
0.00560226
0.00617628
0.00622444
0.00574528
0.0048714
0.00376206
0.00255285
0.00211279
0.000556282
-0.000294479
-0.000752844
-0.00105891
-0.00124608
-0.0012941
-0.0011524
-0.000754727
-4.92146e-05
0.000968448
0.00222949
0.00357471
0.0047742
0.00557343
0.00576943
0.00529557
0.00425697
0.00280016
0.00107445
0.00158371
-0.000249635
-0.0012432
-0.00181091
-0.00226118
-0.002638
-0.00291096
-0.00300495
-0.0028167
-0.00224955
-0.00125487
0.000133475
0.00175933
0.00335642
0.00458511
0.00512242
0.00478724
0.00362275
0.00175705
-0.000617513
0.000200536
-0.00185531
-0.00298622
-0.00369288
-0.00433947
-0.00497576
-0.00555723
-0.00597914
-0.00609296
-0.00574265
-0.00481169
-0.00328366
-0.00127683
0.000915265
0.00285103
0.004036
0.00409848
0.00294747
0.000649278
-0.00254402
-0.00217899
-0.00439339
-0.00565202
-0.00652677
-0.00742618
-0.00840451
-0.00940289
-0.0102849
-0.0108501
-0.0108685
-0.010131
-0.0085215
-0.00608586
-0.00310678
-0.000123584
0.00214781
0.00304094
0.00220252
-0.000473935
-0.00469068
-0.00564212
-0.00794613
-0.00931784
-0.0103836
-0.0115879
-0.0129929
-0.0145303
-0.0160346
-0.0172509
-0.0178626
-0.0175402
-0.01602
-0.0132113
-0.00931749
-0.00493259
-0.00101738
0.00134985
0.00135823
-0.00149199
-0.0069452
-0.0102095
-0.012535
-0.0139932
-0.0152507
-0.016786
-0.0186795
-0.0208635
-0.0231521
-0.0252393
-0.0267163
-0.0271102
-0.0259644
-0.0229855
-0.0181908
-0.0121307
-0.00597028
-0.00128685
0.000403338
-0.00216185
-0.00900635
-0.0158323
-0.0181197
-0.0196117
-0.0210106
-0.0228421
-0.0252239
-0.0281048
-0.0312904
-0.0344329
-0.0370343
-0.0384697
-0.0380547
-0.0352566
-0.0297686
-0.0219519
-0.0130402
-0.00509697
-0.000582462
-0.00203841
-0.0102371
-0.022408
-0.0246162
-0.0260378
-0.0274351
-0.0294224
-0.0321857
-0.0357086
-0.0398007
-0.0440818
-0.0479743
-0.0507164
-0.0514228
-0.049165
-0.0433428
-0.0339371
-0.0220125
-0.00994208
-0.00125045
-0.000338555
-0.00942816
-0.0298282
-0.0319375
-0.0330902
-0.0341951
-0.0360467
-0.0389433
-0.0429186
-0.0477895
-0.0531462
-0.058338
-0.0624728
-0.064456
-0.0630821
-0.0573155
-0.0466575
-0.031747
-0.014928
-0.000674695
0.00430059
-0.00443864
-0.0380811
-0.0400665
-0.0405753
-0.040881
-0.0421243
-0.0447616
-0.0488751
-0.0542737
-0.0605018
-0.0668277
-0.0722351
-0.075444
-0.0749914
-0.0694467
-0.0577924
-0.0400476
-0.0181168
0.00298776
0.0141802
0.00825053
-0.0474685
-0.0491651
-0.0483109
-0.0470187
-0.0470059
-0.0488938
-0.0527703
-0.058389
-0.0652048
-0.0723752
-0.0787459
-0.0828582
-0.0830135
-0.0774419
-0.0646554
-0.0440038
-0.0166198
0.0126129
0.032793
0.0337641
-0.0590778
-0.0597434
-0.0561149
-0.0520687
-0.0500474
-0.0507021
-0.0540097
-0.0595817
-0.066713
-0.0743984
-0.08131
-0.0857933
-0.0859181
-0.0795993
-0.0649435
-0.0407027
-0.00710783
0.0318642
0.0646325
0.0784608
-0.07594
-0.0729765
-0.0638692
-0.0555566
-0.0507901
-0.0498496
-0.0523907
-0.0577543
-0.0649952
-0.072887
-0.0798903
-0.0841267
-0.0834114
-0.0753071
-0.0574928
-0.0281422
0.0133681
0.0647012
0.115068
0.151108
-0.1067
-0.0910306
-0.071636
-0.0572923
-0.0491172
-0.0463769
-0.0481285
-0.0532668
-0.0605117
-0.0683807
-0.0751162
-0.0786169
-0.0764319
-0.0657174
-0.0435951
-0.00729638
0.0451737
0.113321
0.191135
0.271668
-0.178225
-0.114524
-0.0747943
-0.0533062
-0.0422376
-0.0384047
-0.0400552
-0.0455124
-0.0531174
-0.0611806
-0.0678188
-0.0708121
-0.067516
-0.0547715
-0.0291179
0.0137176
0.0787053
0.171361
0.299095
0.473309
-0.344975
-0.135752
-0.0555114
-0.0319397
-0.0230944
-0.0213064
-0.0250557
-0.0324726
-0.0416915
-0.0510087
-0.0586074
-0.0623528
-0.0597419
-0.0477922
-0.0222033
0.0221327
0.0940097
0.21134
0.409386
0.738668
)
;

boundaryField
{
    movingWall
    {
        type            zeroGradient;
    }
    fixedWalls
    {
        type            zeroGradient;
    }
    frontAndBack
    {
        type            empty;
    }
}


// ************************************************************************* //
