/*--------------------------------*- C++ -*----------------------------------*\
| =========                 |                                                 |
| \\      /  F ield         | OpenFOAM: The Open Source CFD Toolbox           |
|  \\    /   O peration     | Version:  2606                                  |
|   \\  /    A nd           | Website:  www.openfoam.com                      |
|    \\/     M anipulation  |                                                 |
\*---------------------------------------------------------------------------*/
FoamFile
{
    version     2.0;
    format      ascii;
    arch        "LSB;label=32;scalar=64";
    class       surfaceScalarField;
    location    "1.6";
    object      phi;
}
// * * * * * * * * * * * * * * * * * * * * * * * * * * * * * * * * * * * * * //

dimensions      [0 3 -1 0 0 0 0];

oriented        oriented;

internalField   nonuniform List<scalar> 
760
(
1.25909e-08
-1.2645e-08
-2.86754e-08
4.12666e-08
-1.22768e-07
9.40931e-08
-2.51439e-07
1.28671e-07
-3.97592e-07
1.46152e-07
-5.47358e-07
1.49766e-07
-6.8869e-07
1.41332e-07
-8.09745e-07
1.21054e-07
-8.98181e-07
8.84361e-08
-9.41873e-07
4.36924e-08
-9.30825e-07
-1.10488e-08
-8.6031e-07
-7.05142e-08
-7.33582e-07
-1.26728e-07
-5.63999e-07
-1.69583e-07
-3.74739e-07
-1.89259e-07
-1.95592e-07
-1.79148e-07
-5.66937e-08
-1.38898e-07
1.98462e-08
-7.65399e-08
2.98186e-08
-9.97256e-09
2.98184e-08
-4.31725e-08
3.0528e-08
-2.04704e-07
2.02797e-07
-4.69252e-07
3.5864e-07
-8.03031e-07
4.6245e-07
-1.17137e-06
5.1449e-07
-1.54228e-06
5.20681e-07
-1.88588e-06
4.84929e-07
-2.17303e-06
4.08207e-07
-2.37533e-06
2.90736e-07
-2.46716e-06
1.35521e-07
-2.42995e-06
-4.82612e-08
-2.25664e-06
-2.43824e-07
-1.9575e-06
-4.25864e-07
-1.56235e-06
-5.64742e-07
-1.11965e-06
-6.3196e-07
-6.90208e-07
-6.08585e-07
-3.35217e-07
-4.9389e-07
-1.00607e-07
-3.1115e-07
-1.18736e-09
-1.09392e-07
2.86311e-08
-1.10794e-07
1.41323e-07
-4.04439e-07
4.96442e-07
-8.34049e-07
7.88249e-07
-1.35001e-06
9.78407e-07
-1.90501e-06
1.06949e-06
-2.45515e-06
1.07082e-06
-2.95877e-06
9.88546e-07
-3.37537e-06
8.24812e-07
-3.66632e-06
5.81686e-07
-3.79777e-06
2.66966e-07
-3.74554e-06
-1.00487e-07
-3.50106e-06
-4.88305e-07
-3.07714e-06
-8.49788e-07
-2.5116e-06
-1.13028e-06
-1.86695e-06
-1.27661e-06
-1.22377e-06
-1.25177e-06
-6.66646e-07
-1.05101e-06
-2.64223e-07
-7.13574e-07
-4.83635e-08
-3.25251e-07
-1.97322e-08
-1.74305e-07
3.15628e-07
-5.95496e-07
9.17633e-07
-1.18161e-06
1.37436e-06
-1.86432e-06
1.66112e-06
-2.58512e-06
1.79029e-06
-3.2919e-06
1.7776e-06
-3.93575e-06
1.6324e-06
-4.4693e-06
1.35836e-06
-4.8473e-06
9.59678e-07
-5.02958e-06
4.49251e-07
-4.98609e-06
-1.43979e-07
-4.70301e-06
-7.71379e-07
-4.18968e-06
-1.36312e-06
-3.4842e-06
-1.83577e-06
-2.65595e-06
-2.10486e-06
-1.80151e-06
-2.10621e-06
-1.03064e-06
-1.82188e-06
-4.4237e-07
-1.30184e-06
-9.76183e-08
-6.70003e-07
-1.1735e-07
-2.30563e-07
5.46191e-07
-7.67586e-07
1.45466e-06
-1.49606e-06
2.10284e-06
-2.32941e-06
2.49447e-06
-3.19947e-06
2.66035e-06
-4.0487e-06
2.62683e-06
-4.82445e-06
2.40815e-06
-5.47579e-06
2.0097e-06
-5.95314e-06
1.43703e-06
-6.21048e-06
7.06593e-07
-6.20984e-06
-1.44618e-07
-5.92716e-06
-1.05406e-06
-5.36108e-06
-1.9292e-06
-4.54167e-06
-2.65518e-06
-3.53826e-06
-3.10827e-06
-2.46091e-06
-3.18355e-06
-1.44921e-06
-2.83358e-06
-6.44328e-07
-2.10673e-06
-1.50082e-07
-1.16425e-06
-2.67433e-07
-2.77987e-07
8.24178e-07
-9.14148e-07
2.09082e-06
-1.76555e-06
2.95424e-06
-2.73001e-06
3.45893e-06
-3.73193e-06
3.66226e-06
-4.711e-06
3.6059e-06
-5.61379e-06
3.31094e-06
-6.3886e-06
2.78451e-06
-6.98346e-06
2.03189e-06
-7.34671e-06
1.06984e-06
-7.43046e-06
-6.0867e-08
-7.19551e-06
-1.289e-06
-6.6224e-06
-2.50231e-06
-5.72357e-06
-3.55401e-06
-4.55882e-06
-4.27302e-06
-3.24617e-06
-4.4962e-06
-1.95807e-06
-4.12168e-06
-8.91707e-07
-3.17309e-06
-2.13447e-07
-1.84251e-06
-4.80879e-07
-3.14725e-07
1.1389e-06
-1.02884e-06
2.80493e-06
-1.97819e-06
3.90358e-06
-3.04873e-06
4.52947e-06
-4.16008e-06
4.77361e-06
-5.25174e-06
4.69756e-06
-6.2723e-06
4.33151e-06
-7.17216e-06
3.68436e-06
-7.8993e-06
2.75903e-06
-8.39785e-06
1.56839e-06
-8.60878e-06
1.50061e-07
-8.47599e-06
-1.42179e-06
-7.95466e-06
-3.02364e-06
-7.02938e-06
-4.47929e-06
-5.73707e-06
-5.56533e-06
-4.19134e-06
-6.04194e-06
-2.59381e-06
-5.71921e-06
-1.2104e-06
-4.5565e-06
-2.97309e-07
-2.7556e-06
-7.78189e-07
-3.38757e-07
1.47766e-06
-1.10539e-06
3.57157e-06
-2.12182e-06
4.92001e-06
-3.2661e-06
5.67376e-06
-4.45568e-06
5.96318e-06
-5.63229e-06
5.87417e-06
-6.74933e-06
5.44855e-06
-7.76239e-06
4.69743e-06
-8.62285e-06
3.61949e-06
-9.27374e-06
2.21928e-06
-9.64811e-06
5.24439e-07
-9.67226e-06
-1.39764e-06
-9.27348e-06
-3.42243e-06
-8.39895e-06
-5.35382e-06
-7.04602e-06
-6.91825e-06
-5.30251e-06
-7.78545e-06
-3.38278e-06
-7.63893e-06
-1.62607e-06
-6.3132e-06
-4.12373e-07
-3.9693e-06
-1.19056e-06
-3.48565e-07
1.82623e-06
-1.13902e-06
4.36202e-06
-2.18618e-06
5.96717e-06
-3.36362e-06
6.85119e-06
-4.58877e-06
7.18834e-06
-5.8078e-06
7.0932e-06
-6.98155e-06
6.6223e-06
-8.0744e-06
5.79027e-06
-9.0456e-06
4.59069e-06
-9.84274e-06
3.01643e-06
-1.03971e-05
1.07883e-06
-1.06228e-05
-1.17201e-06
-1.04212e-05
-3.62396e-06
-9.69717e-06
-6.07787e-06
-8.39173e-06
-8.2237e-06
-6.53744e-06
-9.63974e-06
-4.32745e-06
-9.84892e-06
-2.15961e-06
-8.48105e-06
-5.70489e-07
-5.55842e-06
-1.76105e-06
-3.44282e-07
2.17051e-06
-1.12916e-06
5.1469e-06
-2.16715e-06
7.00516e-06
-3.32941e-06
8.01345e-06
-4.53515e-06
8.39409e-06
-5.7369e-06
8.29495e-06
-6.90559e-06
7.791e-06
-8.01807e-06
6.90275e-06
-9.04684e-06
5.61945e-06
-9.95146e-06
3.92105e-06
-1.06709e-05
1.79824e-06
-1.1117e-05
-7.25917e-07
-1.11759e-05
-3.56503e-06
-1.07122e-05
-6.54153e-06
-9.60028e-06
-9.33565e-06
-7.7858e-06
-1.14542e-05
-5.38915e-06
-1.22456e-05
-2.82015e-06
-1.10501e-05
-7.84908e-07
-7.59366e-06
-2.54596e-06
-3.29257e-07
2.49976e-06
-1.08324e-06
5.90088e-06
-2.07229e-06
7.99422e-06
-3.16562e-06
9.10678e-06
-4.28596e-06
9.51442e-06
-5.39452e-06
9.40351e-06
-6.47508e-06
8.87155e-06
-7.52051e-06
7.94818e-06
-8.5218e-06
6.62074e-06
-9.45819e-06
4.85744e-06
-1.02878e-05
2.62789e-06
-1.0933e-05
-8.07075e-08
-1.12838e-05
-3.21426e-06
-1.11767e-05
-6.64862e-06
-1.04224e-05
-1.00899e-05
-8.85729e-06
-1.30194e-05
-6.46871e-06
-1.46341e-05
-3.59329e-06
-1.39255e-05
-1.06985e-06
-1.01171e-05
-3.61581e-06
-3.12139e-07
2.8119e-06
-1.02111e-06
6.60986e-06
-1.92699e-06
8.9001e-06
-2.89583e-06
1.00756e-05
-3.85698e-06
1.04756e-05
-4.78425e-06
1.03308e-05
-5.67758e-06
9.76489e-06
-6.54911e-06
8.81971e-06
-7.41226e-06
7.48389e-06
-8.27197e-06
5.71715e-06
-9.11374e-06
3.46966e-06
-9.8941e-06
6.99647e-07
-1.05134e-05
-2.59491e-06
-1.08145e-05
-6.34754e-06
-1.05642e-05
-1.03402e-05
-9.48862e-06
-1.4095e-05
-7.39218e-06
-1.67306e-05
-4.42354e-06
-1.68941e-05
-1.4377e-06
-1.31029e-05
-5.05351e-06
-3.10089e-07
3.12199e-06
-9.80565e-07
7.28033e-06
-1.77997e-06
9.69951e-06
-2.56992e-06
1.08656e-05
-3.2935e-06
1.11992e-05
-3.94435e-06
1.09816e-05
-4.54351e-06
1.03641e-05
-5.12516e-06
9.40136e-06
-5.72704e-06
8.08576e-06
-6.38241e-06
6.37252e-06
-7.11087e-06
4.19812e-06
-7.90626e-06
1.49504e-06
-8.7127e-06
-1.78848e-06
-9.40264e-06
-5.6576e-06
-9.74102e-06
-1.00019e-05
-9.37552e-06
-1.44605e-05
-7.91164e-06
-1.81945e-05
-5.19455e-06
-1.96112e-05
-1.89067e-06
-1.64068e-05
-6.94418e-06
-3.54512e-07
3.4765e-06
-1.02419e-06
7.95001e-06
-1.70643e-06
1.03818e-05
-2.26228e-06
1.14214e-05
-2.6645e-06
1.16014e-05
-2.93927e-06
1.12564e-05
-3.13568e-06
1.05605e-05
-3.31239e-06
9.57807e-06
-3.53093e-06
8.3043e-06
-3.85113e-06
6.69272e-06
-4.32549e-06
4.67248e-06
-4.98963e-06
2.15917e-06
-5.84323e-06
-9.34875e-07
-6.81961e-06
-4.68122e-06
-7.73362e-06
-9.08784e-06
-8.22029e-06
-1.39738e-05
-7.72414e-06
-1.86906e-05
-5.71274e-06
-2.16226e-05
-2.40229e-06
-1.97173e-05
-9.34647e-06
-5.01516e-07
3.97802e-06
-1.24634e-06
8.69483e-06
-1.80164e-06
1.09371e-05
-2.05209e-06
1.16719e-05
-2.03225e-06
1.15815e-05
-1.82039e-06
1.10445e-05
-1.50248e-06
1.02426e-05
-1.16342e-06
9.23901e-06
-8.85809e-07
8.02669e-06
-7.5068e-07
6.55759e-06
-8.36818e-07
4.75862e-06
-1.21714e-06
2.5395e-06
-1.94789e-06
-2.04125e-07
-3.04138e-06
-3.58772e-06
-4.4111e-06
-7.71813e-06
-5.76777e-06
-1.26171e-05
-6.49571e-06
-1.79627e-05
-5.69511e-06
-2.24232e-05
-2.88434e-06
-2.25281e-05
-1.22308e-05
-8.4646e-07
4.82448e-06
-1.76545e-06
9.61381e-06
-2.13445e-06
1.13061e-05
-1.94511e-06
1.14825e-05
-1.35198e-06
1.09884e-05
-5.10698e-07
1.02032e-05
4.48168e-07
9.2837e-06
1.4147e-06
8.27248e-06
2.29046e-06
7.15093e-06
2.98117e-06
5.86688e-06
3.39106e-06
4.34873e-06
3.42041e-06
2.51015e-06
2.96672e-06
2.49562e-07
1.94201e-06
-2.56301e-06
3.09561e-07
-6.08568e-06
-1.80021e-06
-1.05073e-05
-3.86907e-06
-1.58938e-05
-4.75446e-06
-2.15378e-05
-3.14402e-06
-2.41385e-05
-1.53748e-05
-1.52285e-06
6.34733e-06
-2.62001e-06
1.0711e-05
-2.53921e-06
1.12253e-05
-1.60248e-06
1.05458e-05
-1.72445e-07
9.55838e-06
1.5002e-06
8.53059e-06
3.24523e-06
7.53868e-06
4.93897e-06
6.57874e-06
6.4807e-06
5.6092e-06
7.77596e-06
4.57162e-06
8.72536e-06
3.39933e-06
9.21703e-06
2.01848e-06
9.11931e-06
3.47286e-07
8.28984e-06
-1.73354e-06
6.58005e-06
-4.37589e-06
3.92258e-06
-7.84988e-06
5.85965e-07
-1.25572e-05
-2.36495e-06
-1.85869e-05
-2.85167e-06
-2.36518e-05
-1.82265e-05
-2.58631e-06
8.93364e-06
-3.22016e-06
1.13448e-05
-1.85193e-06
9.85705e-06
4.55436e-07
8.23842e-06
3.09716e-06
6.91665e-06
5.78907e-06
5.83868e-06
8.3812e-06
4.94655e-06
1.07799e-05
4.18009e-06
1.29131e-05
3.47591e-06
1.47101e-05
2.77468e-06
1.60872e-05
2.02218e-06
1.69394e-05
1.16633e-06
1.71292e-05
1.57511e-07
1.6493e-05
-1.09741e-06
1.48065e-05
-2.68939e-06
1.18205e-05
-4.86383e-06
7.41346e-06
-8.15018e-06
2.26538e-06
-1.34388e-05
-1.19477e-06
-2.01916e-05
-1.94213e-05
-2.63391e-06
1.15675e-05
-7.27421e-08
8.78365e-06
4.22831e-06
5.55599e-06
8.43814e-06
4.02859e-06
1.22653e-05
3.08944e-06
1.56889e-05
2.41511e-06
1.87154e-05
1.92002e-06
2.13544e-05
1.54113e-06
2.36056e-05
1.2247e-06
2.5449e-05
9.31317e-07
2.68389e-05
6.32206e-07
2.76986e-05
3.06674e-07
2.79177e-05
-6.16219e-08
2.73546e-05
-5.34295e-07
2.57674e-05
-1.10219e-06
2.28105e-05
-1.90686e-06
1.79699e-05
-3.30967e-06
1.09284e-05
-6.39731e-06
3.18467e-06
-1.24479e-05
-1.62366e-05
1.15675e-05
2.03512e-05
2.59072e-05
2.99358e-05
3.30252e-05
3.54403e-05
3.73604e-05
3.89015e-05
4.01262e-05
4.10575e-05
4.16897e-05
4.19964e-05
4.19348e-05
4.14005e-05
4.02983e-05
3.83914e-05
3.50818e-05
2.86844e-05
1.62366e-05
)
;

boundaryField
{
    movingWall
    {
        type            calculated;
        value           uniform 0;
    }
    fixedWalls
    {
        type            calculated;
        value           uniform 0;
    }
    frontAndBack
    {
        type            empty;
    }
}


// ************************************************************************* //
