/*--------------------------------*- C++ -*----------------------------------*\
| =========                 |                                                 |
| \\      /  F ield         | OpenFOAM: The Open Source CFD Toolbox           |
|  \\    /   O peration     | Version:  2606                                  |
|   \\  /    A nd           | Website:  www.openfoam.com                      |
|    \\/     M anipulation  |                                                 |
\*---------------------------------------------------------------------------*/
FoamFile
{
    version     2.0;
    format      ascii;
    arch        "LSB;label=32;scalar=64";
    class       volVectorField;
    location    "1.6";
    object      U;
}
// * * * * * * * * * * * * * * * * * * * * * * * * * * * * * * * * * * * * * //

dimensions      [0 1 -1 0 0 0 0];

internalField   nonuniform List<vector> 
400
(
(0.000252357 -0.000255511 0)
(7.47011e-05 0.000125005 0)
(-0.00133495 0.000549454 0)
(-0.00363604 0.000825122 0)
(-0.00644919 0.000966787 0)
(-0.00946639 0.00100965 0)
(-0.0124319 0.000972529 0)
(-0.0151094 0.000856244 0)
(-0.0172558 0.0006522 0)
(-0.0186206 0.000355288 0)
(-0.0189733 -2.37999e-05 0)
(-0.0181562 -0.000451508 0)
(-0.0161461 -0.000864625 0)
(-0.0131075 -0.00118232 0)
(-0.00941298 -0.00132314 0)
(-0.00560998 -0.00123054 0)
(-0.00232373 -0.000898954 0)
(-0.000108857 -0.000392587 0)
(0.000738215 0.000139274 0)
(0.000402602 0.000383362 0)
(-0.000140149 -8.91917e-05 0)
(-0.00192313 0.00183214 0)
(-0.00631079 0.00370979 0)
(-0.0124798 0.00497005 0)
(-0.0196636 0.00561782 0)
(-0.0272056 0.00574391 0)
(-0.0344941 0.00540468 0)
(-0.04094 0.00460899 0)
(-0.0459617 0.00334704 0)
(-0.0490045 0.00163767 0)
(-0.0496056 -0.000426414 0)
(-0.0474874 -0.00265093 0)
(-0.0426669 -0.00473784 0)
(-0.035542 -0.00632513 0)
(-0.0269118 -0.00706319 0)
(-0.0179077 -0.00672034 0)
(-0.00980905 -0.00529024 0)
(-0.00375267 -0.00306459 0)
(-0.00040687 -0.00066893 0)
(0.000271687 0.000772895 0)
(-0.000677323 0.00145232 0)
(-0.00434214 0.0063805 0)
(-0.0117884 0.010673 0)
(-0.0215317 0.0135321 0)
(-0.0324738 0.0149527 0)
(-0.0437379 0.015075 0)
(-0.054481 0.0139948 0)
(-0.0638789 0.0117404 0)
(-0.0711302 0.00833061 0)
(-0.0754907 0.00386578 0)
(-0.0763552 -0.00138608 0)
(-0.0733712 -0.00693956 0)
(-0.0665617 -0.0121027 0)
(-0.0564275 -0.0160569 0)
(-0.0439864 -0.0180187 0)
(-0.030713 -0.0174638 0)
(-0.0183306 -0.0143639 0)
(-0.00845122 -0.00934896 0)
(-0.00221457 -0.00374882 0)
(-5.61418e-05 0.000305301 0)
(-0.00117376 0.00432853 0)
(-0.00665065 0.0135886 0)
(-0.0170447 0.0209268 0)
(-0.0301205 0.0256485 0)
(-0.0444424 0.0278604 0)
(-0.0589727 0.0277928 0)
(-0.0727236 0.0255932 0)
(-0.0847297 0.0213182 0)
(-0.0940536 0.0150308 0)
(-0.0998216 0.00694004 0)
(-0.101306 -0.00247527 0)
(-0.0980411 -0.0123959 0)
(-0.0899567 -0.0216708 0)
(-0.0775105 -0.0289354 0)
(-0.061779 -0.0328503 0)
(-0.044458 -0.0324571 0)
(-0.0276852 -0.0275854 0)
(-0.0136396 -0.0191625 0)
(-0.00413945 -0.00927805 0)
(-0.000362217 -0.0011297 0)
(-0.00160417 0.00840808 0)
(-0.00871246 0.0232383 0)
(-0.0217967 0.0341578 0)
(-0.0378962 0.0409007 0)
(-0.0552594 0.0438559 0)
(-0.0727319 0.0434214 0)
(-0.0892476 0.0398238 0)
(-0.103772 0.0331537 0)
(-0.115292 0.0235144 0)
(-0.122836 0.0112104 0)
(-0.12554 -0.00308742 0)
(-0.122754 -0.0182415 0)
(-0.114189 -0.0326349 0)
(-0.100096 -0.0442948 0)
(-0.0814445 -0.0511829 0)
(-0.0600441 -0.0516839 0)
(-0.038458 -0.0452383 0)
(-0.019602 -0.0329028 0)
(-0.00626401 -0.0175316 0)
(-0.000654958 -0.00356322 0)
(-0.00196069 0.0135322 0)
(-0.0104546 0.0350546 0)
(-0.0258549 0.050058 0)
(-0.0445751 0.0589796 0)
(-0.064598 0.0626626 0)
(-0.0846983 0.0617649 0)
(-0.103789 0.0566299 0)
(-0.120827 0.0473839 0)
(-0.134777 0.0341451 0)
(-0.144592 0.0172644 0)
(-0.149255 -0.00246377 0)
(-0.147865 -0.0236478 0)
(-0.139789 -0.0442479 0)
(-0.124895 -0.061642 0)
(-0.103846 -0.0729233 0)
(-0.0783936 -0.0755038 0)
(-0.05148 -0.0680288 0)
(-0.0269226 -0.0513531 0)
(-0.00886543 -0.0290486 0)
(-0.00099864 -0.0071236 0)
(-0.00223113 0.0195059 0)
(-0.0118045 0.0486608 0)
(-0.0290392 0.0681918 0)
(-0.0498616 0.0794576 0)
(-0.0720566 0.0839106 0)
(-0.0943743 0.0825618 0)
(-0.115761 0.0759138 0)
(-0.135224 0.0641275 0)
(-0.151759 0.0472966 0)
(-0.164285 0.0257404 0)
(-0.171639 0.0002679 0)
(-0.172638 -0.0276024 0)
(-0.166218 -0.0555011 0)
(-0.151693 -0.0801709 0)
(-0.129174 -0.097689 0)
(-0.100077 -0.104118 0)
(-0.0675198 -0.0967208 0)
(-0.0362741 -0.0755525 0)
(-0.0122989 -0.0446824 0)
(-0.00147712 -0.0121188 0)
(-0.00240041 0.0260938 0)
(-0.012689 0.063588 0)
(-0.0311729 0.0879998 0)
(-0.0534454 0.101766 0)
(-0.0771647 0.107075 0)
(-0.101099 0.105383 0)
(-0.124278 0.0973979 0)
(-0.145821 0.0833171 0)
(-0.164819 0.0631662 0)
(-0.180226 0.0371421 0)
(-0.190796 0.00593116 0)
(-0.1951 -0.0289959 0)
(-0.191614 -0.0651061 0)
(-0.178988 -0.0986217 0)
(-0.156523 -0.124554 0)
(-0.124902 -0.137263 0)
(-0.0869777 -0.131882 0)
(-0.0482671 -0.106689 0)
(-0.0169613 -0.0656169 0)
(-0.00219291 -0.0190648 0)
(-0.00245775 0.0330229 0)
(-0.0130553 0.0792883 0)
(-0.0321179 0.108806 0)
(-0.0550527 0.125177 0)
(-0.079453 0.131428 0)
(-0.104141 0.129545 0)
(-0.128274 0.120496 0)
(-0.151147 0.104533 0)
(-0.172027 0.0815783 0)
(-0.190003 0.0516238 0)
(-0.203871 0.0150906 0)
(-0.212071 -0.0267942 0)
(-0.212713 -0.0715836 0)
(-0.203765 -0.115235 0)
(-0.183522 -0.15183 0)
(-0.151475 -0.173837 0)
(-0.109517 -0.17348 0)
(-0.0632692 -0.145832 0)
(-0.0232744 -0.0933069 0)
(-0.00328004 -0.0287078 0)
(-0.00240822 0.0400017 0)
(-0.0129101 0.0951675 0)
(-0.0318445 0.129839 0)
(-0.0545438 0.148798 0)
(-0.0785822 0.155995 0)
(-0.102866 0.154033 0)
(-0.126726 0.14421 0)
(-0.149689 0.126862 0)
(-0.171289 0.10181 0)
(-0.19088 0.0687868 0)
(-0.207464 0.0278319 0)
(-0.219554 -0.0202725 0)
(-0.225114 -0.0734696 0)
(-0.221579 -0.127853 0)
(-0.206184 -0.176972 0)
(-0.176845 -0.211547 0)
(-0.133644 -0.220334 0)
(-0.0811374 -0.19346 0)
(-0.0316538 -0.129308 0)
(-0.0049266 -0.0420514 0)
(-0.00228871 0.0467674 0)
(-0.012372 0.110656 0)
(-0.0305239 0.150283 0)
(-0.0520411 0.171598 0)
(-0.0745103 0.17956 0)
(-0.09696 0.17749 0)
(-0.118942 0.16709 0)
(-0.140278 0.148843 0)
(-0.160853 0.1225 0)
(-0.180409 0.0875309 0)
(-0.198346 0.0435395 0)
(-0.2135 -0.0092948 0)
(-0.224013 -0.0696661 0)
(-0.227114 -0.134249 0)
(-0.219185 -0.196741 0)
(-0.196427 -0.246756 0)
(-0.156335 -0.269575 0)
(-0.100837 -0.24876 0)
(-0.042414 -0.174927 0)
(-0.00739972 -0.0603882 0)
(-0.00219075 0.0531689 0)
(-0.0117396 0.125325 0)
(-0.0286352 0.169373 0)
(-0.0480629 0.192468 0)
(-0.0676542 0.200717 0)
(-0.0866354 0.198263 0)
(-0.104853 0.1873 0)
(-0.122487 0.168527 0)
(-0.139838 0.141681 0)
(-0.157127 0.106021 0)
(-0.174304 0.0607236 0)
(-0.190825 0.00529145 0)
(-0.205314 -0.0599122 0)
(-0.215236 -0.13269 0)
(-0.216681 -0.207747 0)
(-0.204411 -0.27473 0)
(-0.172946 -0.316349 0)
(-0.120022 -0.308836 0)
(-0.0555448 -0.230606 0)
(-0.0110527 -0.0853067 0)
(-0.00229966 0.0593014 0)
(-0.0115855 0.139058 0)
(-0.0270792 0.18651 0)
(-0.0436273 0.210301 0)
(-0.0589833 0.217937 0)
(-0.0727357 0.214509 0)
(-0.0851526 0.202759 0)
(-0.0968437 0.183649 0)
(-0.108569 0.156974 0)
(-0.121069 0.121858 0)
(-0.134909 0.0771309 0)
(-0.150276 0.0216721 0)
(-0.16662 -0.0451261 0)
(-0.182199 -0.122602 0)
(-0.193507 -0.207307 0)
(-0.194675 -0.290437 0)
(-0.177575 -0.354083 0)
(-0.134763 -0.368077 0)
(-0.0702913 -0.294945 0)
(-0.0162644 -0.118578 0)
(-0.00297131 0.0657288 0)
(-0.0129027 0.152256 0)
(-0.0272873 0.201356 0)
(-0.0402662 0.224025 0)
(-0.0499407 0.229624 0)
(-0.0565882 0.22429 0)
(-0.0611017 0.211299 0)
(-0.0646097 0.191866 0)
(-0.0683413 0.165868 0)
(-0.0735277 0.132378 0)
(-0.0813126 0.0900125 0)
(-0.0926155 0.0371925 0)
(-0.107859 -0.0275644 0)
(-0.126504 -0.105125 0)
(-0.146268 -0.194438 0)
(-0.161892 -0.289794 0)
(-0.163823 -0.375495 0)
(-0.139588 -0.418163 0)
(-0.0845212 -0.363502 0)
(-0.0232065 -0.161728 0)
(-0.00487733 0.073873 0)
(-0.0173262 0.166062 0)
(-0.0312477 0.2138 0)
(-0.0397639 0.232494 0)
(-0.0419336 0.234029 0)
(-0.0393014 0.225567 0)
(-0.0336676 0.210748 0)
(-0.0267698 0.190911 0)
(-0.0202865 0.165965 0)
(-0.0158497 0.134968 0)
(-0.0150571 0.0964536 0)
(-0.0194383 0.048613 0)
(-0.0303236 -0.0105807 0)
(-0.0485086 -0.0831804 0)
(-0.0735513 -0.170508 0)
(-0.102188 -0.270971 0)
(-0.125519 -0.374203 0)
(-0.127705 -0.449023 0)
(-0.0939584 -0.427985 0)
(-0.0312614 -0.215283 0)
(-0.00921161 0.0867489 0)
(-0.0272938 0.182463 0)
(-0.0409971 0.223609 0)
(-0.0428871 0.234084 0)
(-0.0345131 0.228946 0)
(-0.0195807 0.216003 0)
(-0.00108648 0.198828 0)
(0.0185852 0.178588 0)
(0.037383 0.155083 0)
(0.0534145 0.127329 0)
(0.0648094 0.0938681 0)
(0.0696399 0.0528904 0)
(0.0658884 0.00223692 0)
(0.0516116 -0.0607097 0)
(0.025298 -0.138942 0)
(-0.0127733 -0.234961 0)
(-0.0568483 -0.346142 0)
(-0.0910564 -0.450371 0)
(-0.0915394 -0.476477 0)
(-0.0379201 -0.278294 0)
(-0.0176933 0.11046 0)
(-0.0451944 0.203437 0)
(-0.0554732 0.228673 0)
(-0.0444107 0.225098 0)
(-0.0195141 0.210518 0)
(0.0124088 0.192152 0)
(0.0471911 0.172655 0)
(0.0820305 0.152536 0)
(0.114765 0.131241 0)
(0.143505 0.107683 0)
(0.166365 0.0804732 0)
(0.18129 0.0479868 0)
(0.185875 0.00829443 0)
(0.177453 -0.0410968 0)
(0.153004 -0.103681 0)
(0.10981 -0.184725 0)
(0.0485377 -0.289839 0)
(-0.0198343 -0.412512 0)
(-0.067175 -0.493435 0)
(-0.0371658 -0.346523 0)
(-0.030746 0.156223 0)
(-0.0669592 0.225388 0)
(-0.0566265 0.217473 0)
(-0.0167604 0.19427 0)
(0.034533 0.170083 0)
(0.0887674 0.147902 0)
(0.142107 0.128165 0)
(0.192343 0.110235 0)
(0.237927 0.0930357 0)
(0.277503 0.0753698 0)
(0.309591 0.056017 0)
(0.332371 0.0337059 0)
(0.343433 0.00700407 0)
(0.339941 -0.0258822 0)
(0.318055 -0.0677789 0)
(0.272962 -0.124295 0)
(0.200166 -0.206534 0)
(0.100071 -0.327014 0)
(-0.00534655 -0.45653 0)
(-0.015362 -0.39876 0)
(-0.0282486 0.226544 0)
(-0.0422052 0.223652 0)
(0.0373463 0.166032 0)
(0.127062 0.128171 0)
(0.208488 0.102258 0)
(0.281034 0.0827969 0)
(0.345477 0.0677739 0)
(0.402106 0.0557183 0)
(0.451016 0.0453045 0)
(0.492033 0.035444 0)
(0.52454 0.0252491 0)
(0.547368 0.0139458 0)
(0.558606 0.000782255 0)
(0.555946 -0.014954 0)
(0.535577 -0.0349778 0)
(0.492025 -0.0626503 0)
(0.416962 -0.107548 0)
(0.297241 -0.193998 0)
(0.132909 -0.333159 0)
(0.0673982 -0.369503 0)
(0.261498 0.137372 0)
(0.324069 0.118083 0)
(0.455299 0.0773658 0)
(0.560426 0.0519977 0)
(0.633183 0.0365665 0)
(0.687067 0.0263949 0)
(0.729613 0.0194583 0)
(0.76387 0.0145813 0)
(0.791339 0.010912 0)
(0.812801 0.00784777 0)
(0.828433 0.00496797 0)
(0.837906 0.00197091 0)
(0.84046 -0.00138145 0)
(0.834784 -0.00514124 0)
(0.818686 -0.00988253 0)
(0.788861 -0.0164622 0)
(0.737891 -0.0274026 0)
(0.647964 -0.0517989 0)
(0.474687 -0.111387 0)
(0.341588 -0.15579 0)
)
;

boundaryField
{
    movingWall
    {
        type            fixedValue;
        value           uniform (1 0 0);
    }
    fixedWalls
    {
        type            noSlip;
    }
    frontAndBack
    {
        type            empty;
    }
}


// ************************************************************************* //
