/*--------------------------------*- C++ -*----------------------------------*\
| =========                 |                                                 |
| \\      /  F ield         | OpenFOAM: The Open Source CFD Toolbox           |
|  \\    /   O peration     | Version:  2606                                  |
|   \\  /    A nd           | Website:  www.openfoam.com                      |
|    \\/     M anipulation  |                                                 |
\*---------------------------------------------------------------------------*/
FoamFile
{
    version     2.0;
    format      ascii;
    arch        "LSB;label=32;scalar=64";
    class       volScalarField;
    location    "1.4";
    object      p;
}
// * * * * * * * * * * * * * * * * * * * * * * * * * * * * * * * * * * * * * //

dimensions      [0 2 -2 0 0 0 0];

internalField   nonuniform List<scalar> 
400
(
-1.12242e-06
-0.000633422
-0.00135167
-0.00190791
-0.0021804
-0.00211372
-0.00168408
-0.000883527
0.00027534
0.00174325
0.00341838
0.00513848
0.00669615
0.00787048
0.00848151
0.00845008
0.00784296
0.00688309
0.00592377
0.005362
0.00062487
-3.49156e-05
-0.000592318
-0.000973761
-0.00114641
-0.0010749
-0.000736243
-0.000117105
0.000780668
0.00192554
0.00324212
0.00460827
0.00585606
0.00680728
0.00731577
0.00731738
0.00686584
0.00613524
0.00537372
0.00480666
0.00138699
0.000473723
-0.000115243
-0.000455298
-0.000613487
-0.000581506
-0.000341049
0.000128518
0.000841896
0.0017899
0.00292148
0.00413308
0.00527236
0.00616404
0.00665406
0.00666221
0.00622248
0.00548372
0.00463239
0.00382514
0.00196798
0.00072892
1.99739e-05
-0.000359036
-0.000567089
-0.000620162
-0.000502071
-0.00018045
0.000381659
0.00120192
0.00225364
0.00344793
0.00463058
0.00560511
0.00617933
0.00622798
0.00574954
0.00487648
0.0037679
0.00255928
0.00210636
0.00055133
-0.000298428
-0.000755868
-0.00106077
-0.00124656
-0.00129306
-0.00114989
-0.000750974
-4.45925e-05
0.000973493
0.00223458
0.00357957
0.00477881
0.00557795
0.00577418
0.00530089
0.00426308
0.00280717
0.00108233
0.00157745
-0.000254237
-0.00124666
-0.00181324
-0.00226203
-0.00263702
-0.00290797
-0.00299999
-0.00281004
-0.00224169
-0.00124643
0.000141939
0.00176735
0.00336378
0.00459189
0.00512896
0.00479401
0.00363017
0.00176545
-0.000607946
0.000195357
-0.00185878
-0.00298844
-0.00369372
-0.00433842
-0.00497236
-0.00555122
-0.00597054
-0.00608212
-0.00573018
-0.00479836
-0.00327036
-0.00126427
0.000926638
0.00286113
0.00404513
0.00410722
0.00295652
0.000659275
-0.0025326
-0.00218208
-0.00439487
-0.00565219
-0.00652529
-0.00742235
-0.00839774
-0.00939283
-0.0102716
-0.010834
-0.0108502
-0.0101115
-0.00850204
-0.0060674
-0.00309008
-0.000109003
0.00216044
0.00305229
0.00221354
-0.000462195
-0.00467735
-0.00564219
-0.00794487
-0.00931524
-0.0103791
-0.0115806
-0.0129821
-0.0145155
-0.0160158
-0.0172286
-0.0178377
-0.0175138
-0.0159936
-0.013186
-0.00929451
-0.00491256
-0.00100039
0.00136441
0.00137152
-0.00147848
-0.00693009
-0.0102058
-0.0125304
-0.0139873
-0.0152427
-0.0167748
-0.0186643
-0.0208438
-0.0231279
-0.025211
-0.026685
-0.0270772
-0.0259311
-0.0229536
-0.0181616
-0.012105
-0.00594859
-0.00126875
0.000419026
-0.00214673
-0.0089899
-0.0158246
-0.0181117
-0.0196025
-0.0209993
-0.0228274
-0.0252049
-0.0280808
-0.0312615
-0.0343996
-0.0369978
-0.0384314
-0.0380159
-0.0352196
-0.0297345
-0.0219217
-0.0130146
-0.00507573
-0.000564671
-0.00202217
-0.0102202
-0.0223964
-0.0246048
-0.0260256
-0.0274209
-0.0294049
-0.0321638
-0.0356817
-0.0397687
-0.0440455
-0.0479349
-0.0506756
-0.0513825
-0.0491262
-0.0433069
-0.0339052
-0.0219851
-0.00991925
-0.00123159
-0.000322103
-0.00941189
-0.0298132
-0.0319234
-0.0330759
-0.0341791
-0.0360277
-0.0389202
-0.0428905
-0.0477566
-0.0531093
-0.0582983
-0.0624322
-0.0644165
-0.063045
-0.0572819
-0.0466278
-0.0317214
-0.0149064
-0.000656771
0.00431575
-0.00442471
-0.0380638
-0.0400508
-0.04056
-0.0408648
-0.0421056
-0.0447391
-0.048848
-0.0542421
-0.0604665
-0.0667903
-0.0721977
-0.0754084
-0.0749593
-0.0694188
-0.0577687
-0.0400277
-0.0180999
0.00300197
0.014192
0.00826031
-0.0474503
-0.0491492
-0.0482961
-0.0470039
-0.0469894
-0.048874
-0.0527462
-0.0583604
-0.0651728
-0.0723415
-0.0787129
-0.0828281
-0.0829879
-0.0774216
-0.06464
-0.0439923
-0.0166107
0.0126206
0.0327993
0.0337682
-0.0590605
-0.0597287
-0.0561023
-0.052057
-0.0500348
-0.0506866
-0.0539898
-0.0595573
-0.066685
-0.074369
-0.0812817
-0.0857685
-0.0858988
-0.0795863
-0.0649365
-0.0407002
-0.00710777
0.0318637
0.0646318
0.0784585
-0.0759256
-0.072965
-0.0638606
-0.0555499
-0.0507828
-0.0498393
-0.0523756
-0.0577343
-0.0649714
-0.0728616
-0.079866
-0.0841063
-0.0833969
-0.0752996
-0.0574922
-0.0281469
0.0133602
0.0646932
0.11506
0.1511
-0.10669
-0.0910235
-0.0716327
-0.0572913
-0.0491155
-0.0463718
-0.0481181
-0.0532509
-0.0604917
-0.0683587
-0.0750951
-0.0785996
-0.0764204
-0.065713
-0.0435979
-0.00730503
0.0451613
0.113307
0.191122
0.271655
-0.178219
-0.11452
-0.0747951
-0.0533093
-0.0422401
-0.0384034
-0.0400484
-0.0454999
-0.0531003
-0.0611612
-0.0677998
-0.0707964
-0.0675062
-0.054768
-0.0291212
0.0137084
0.0786922
0.171346
0.29908
0.473295
-0.34497
-0.135749
-0.0555133
-0.0319445
-0.023099
-0.0213076
-0.0250516
-0.0324627
-0.0416767
-0.050991
-0.0585894
-0.062337
-0.0597305
-0.0477876
-0.0222053
0.022125
0.0939978
0.211326
0.409372
0.738654
)
;

boundaryField
{
    movingWall
    {
        type            zeroGradient;
    }
    fixedWalls
    {
        type            zeroGradient;
    }
    frontAndBack
    {
        type            empty;
    }
}


// ************************************************************************* //
