/*--------------------------------*- C++ -*----------------------------------*\
| =========                 |                                                 |
| \\      /  F ield         | OpenFOAM: The Open Source CFD Toolbox           |
|  \\    /   O peration     | Version:  2606                                  |
|   \\  /    A nd           | Website:  www.openfoam.com                      |
|    \\/     M anipulation  |                                                 |
\*---------------------------------------------------------------------------*/
FoamFile
{
    version     2.0;
    format      ascii;
    arch        "LSB;label=32;scalar=64";
    class       surfaceScalarField;
    location    "1.4";
    object      phi;
}
// * * * * * * * * * * * * * * * * * * * * * * * * * * * * * * * * * * * * * //

dimensions      [0 3 -1 0 0 0 0];

oriented        oriented;

internalField   nonuniform List<scalar> 
760
(
1.26206e-08
-1.25664e-08
-2.86551e-08
4.1276e-08
-1.22699e-07
9.40434e-08
-2.51284e-07
1.28585e-07
-3.97331e-07
1.46047e-07
-5.46986e-07
1.49655e-07
-6.88212e-07
1.41226e-07
-8.09178e-07
1.20965e-07
-8.97555e-07
8.83771e-08
-9.4123e-07
4.36747e-08
-9.30212e-07
-1.10178e-08
-8.59778e-07
-7.04346e-08
-7.33169e-07
-1.26609e-07
-5.63727e-07
-1.69442e-07
-3.74608e-07
-1.89119e-07
-1.95573e-07
-1.79035e-07
-5.67413e-08
-1.38832e-07
1.97855e-08
-7.6527e-08
2.97864e-08
-1.00012e-08
2.9786e-08
-4.31267e-08
3.05608e-08
-2.04543e-07
2.02692e-07
-4.6889e-07
3.5839e-07
-8.02409e-07
4.62104e-07
-1.17046e-06
5.14094e-07
-1.54108e-06
5.2028e-07
-1.88442e-06
4.84563e-07
-2.17137e-06
4.07915e-07
-2.37355e-06
2.90558e-07
-2.46537e-06
1.35489e-07
-2.42825e-06
-4.81331e-08
-2.25515e-06
-2.4354e-07
-1.9563e-06
-4.25457e-07
-1.56147e-06
-5.64267e-07
-1.11911e-06
-6.31487e-07
-6.89951e-07
-6.08189e-07
-3.35155e-07
-4.93629e-07
-1.00636e-07
-3.11046e-07
-1.22004e-09
-1.09417e-07
2.85656e-08
-1.10694e-07
1.41254e-07
-4.04086e-07
4.96083e-07
-8.33331e-07
7.87635e-07
-1.34886e-06
9.7763e-07
-1.90341e-06
1.06864e-06
-2.45312e-06
1.06999e-06
-2.95636e-06
9.87808e-07
-3.37269e-06
8.24246e-07
-3.6635e-06
5.81362e-07
-3.79495e-06
2.66936e-07
-3.74288e-06
-1.00203e-07
-3.49869e-06
-4.87724e-07
-3.07518e-06
-8.48974e-07
-2.51011e-06
-1.12933e-06
-1.86594e-06
-1.27566e-06
-1.22319e-06
-1.25095e-06
-6.66389e-07
-1.05043e-06
-2.64159e-07
-7.13276e-07
-4.83691e-08
-3.25207e-07
-1.98039e-08
-1.74138e-07
3.15392e-07
-5.94944e-07
9.16888e-07
-1.18054e-06
1.37323e-06
-1.86267e-06
1.65976e-06
-2.58289e-06
1.78886e-06
-3.28913e-06
1.77623e-06
-3.93253e-06
1.63121e-06
-4.46577e-06
1.35748e-06
-4.8436e-06
9.59195e-07
-5.0259e-06
4.49237e-07
-4.9826e-06
-1.43502e-07
-4.69988e-06
-7.70445e-07
-4.18703e-06
-1.36182e-06
-3.48211e-06
-1.83425e-06
-2.65446e-06
-2.10331e-06
-1.80057e-06
-2.10483e-06
-1.03015e-06
-1.82085e-06
-4.42191e-07
-1.30124e-06
-9.75907e-08
-6.69808e-07
-1.17395e-07
-2.30338e-07
5.4573e-07
-7.66866e-07
1.45342e-06
-1.4947e-06
2.10107e-06
-2.32736e-06
2.49242e-06
-3.19674e-06
2.65824e-06
-4.04537e-06
2.62486e-06
-4.82063e-06
2.40648e-06
-5.47163e-06
2.00847e-06
-5.94881e-06
1.43638e-06
-6.20617e-06
7.06596e-07
-6.20573e-06
-1.43939e-07
-5.92342e-06
-1.05276e-06
-5.35785e-06
-1.92739e-06
-4.53905e-06
-2.65305e-06
-3.5363e-06
-3.10606e-06
-2.45961e-06
-3.18152e-06
-1.44849e-06
-2.83197e-06
-6.44025e-07
-2.1057e-06
-1.50019e-07
-1.16381e-06
-2.67414e-07
-2.77724e-07
8.23454e-07
-9.13322e-07
2.08901e-06
-1.76402e-06
2.95176e-06
-2.72773e-06
3.45613e-06
-3.72893e-06
3.65944e-06
-4.70737e-06
3.60329e-06
-5.60965e-06
3.30876e-06
-6.38411e-06
2.78294e-06
-6.9788e-06
2.03107e-06
-7.34206e-06
1.06985e-06
-7.42599e-06
-6.00064e-08
-7.19139e-06
-1.28736e-06
-6.61876e-06
-2.50002e-06
-5.72053e-06
-3.55127e-06
-4.55647e-06
-4.27012e-06
-3.24454e-06
-4.49345e-06
-1.9571e-06
-4.1194e-06
-8.91279e-07
-3.17153e-06
-2.13346e-07
-1.84175e-06
-4.8076e-07
-3.14451e-07
1.13791e-06
-1.02799e-06
2.80256e-06
-1.97662e-06
3.90039e-06
-3.04641e-06
4.52593e-06
-4.15706e-06
4.77008e-06
-5.24811e-06
4.69434e-06
-6.2682e-06
4.32885e-06
-7.16773e-06
3.68247e-06
-7.89471e-06
2.75805e-06
-8.39325e-06
1.5684e-06
-8.60432e-06
1.51057e-07
-8.47181e-06
-1.41987e-06
-7.95089e-06
-3.02094e-06
-7.02614e-06
-4.47602e-06
-5.73447e-06
-5.56179e-06
-4.18945e-06
-6.03847e-06
-2.59264e-06
-5.71621e-06
-1.20985e-06
-4.55432e-06
-2.9717e-07
-2.75443e-06
-7.7793e-07
-3.38506e-07
1.47641e-06
-1.10461e-06
3.56866e-06
-2.12038e-06
4.91615e-06
-3.26398e-06
5.66953e-06
-4.45293e-06
5.95902e-06
-5.62901e-06
5.87042e-06
-6.74564e-06
5.44548e-06
-7.75844e-06
4.69527e-06
-8.61876e-06
3.61837e-06
-9.26964e-06
2.21927e-06
-9.64411e-06
5.25527e-07
-9.66845e-06
-1.39553e-06
-9.26995e-06
-3.41944e-06
-8.39581e-06
-5.35017e-06
-7.04339e-06
-6.9142e-06
-5.3005e-06
-7.78137e-06
-3.38147e-06
-7.63524e-06
-1.62542e-06
-6.31037e-06
-4.12196e-07
-3.96765e-06
-1.19013e-06
-3.48368e-07
1.82478e-06
-1.1384e-06
4.35869e-06
-2.18503e-06
5.96279e-06
-3.36192e-06
6.84642e-06
-4.58658e-06
7.18368e-06
-5.8052e-06
7.08905e-06
-6.97867e-06
6.61895e-06
-8.07134e-06
5.78794e-06
-9.04247e-06
4.58949e-06
-9.83962e-06
3.01642e-06
-1.03941e-05
1.07998e-06
-1.06198e-05
-1.1698e-06
-1.04184e-05
-3.62083e-06
-9.69456e-06
-6.07402e-06
-8.3894e-06
-8.21936e-06
-6.53554e-06
-9.63523e-06
-4.32611e-06
-9.84467e-06
-2.15889e-06
-8.4776e-06
-5.70277e-07
-5.55626e-06
-1.7604e-06
-3.44169e-07
2.16895e-06
-1.12879e-06
5.14331e-06
-2.16644e-06
7.00044e-06
-3.32834e-06
8.00832e-06
-4.53377e-06
8.38912e-06
-5.73529e-06
8.29056e-06
-6.90385e-06
7.78751e-06
-8.01628e-06
6.90036e-06
-9.04507e-06
5.61828e-06
-9.94974e-06
3.9211e-06
-1.06692e-05
1.79945e-06
-1.11153e-05
-7.23689e-07
-1.11743e-05
-3.5619e-06
-1.07106e-05
-6.53769e-06
-9.59865e-06
-9.33129e-06
-7.78431e-06
-1.14496e-05
-5.38797e-06
-1.2241e-05
-2.81944e-06
-1.10461e-05
-7.84673e-07
-7.59103e-06
-2.54508e-06
-3.29247e-07
2.4982e-06
-1.08317e-06
5.89723e-06
-2.07212e-06
7.98939e-06
-3.16534e-06
9.10154e-06
-4.28558e-06
9.50936e-06
-5.39412e-06
9.3991e-06
-6.47471e-06
8.8681e-06
-7.52023e-06
7.94589e-06
-8.52164e-06
6.61969e-06
-9.45815e-06
4.8576e-06
-1.02879e-05
2.62918e-06
-1.0933e-05
-7.85353e-08
-1.12837e-05
-3.21124e-06
-1.11764e-05
-6.64499e-06
-1.04219e-05
-1.00858e-05
-8.85652e-06
-1.30149e-05
-6.46791e-06
-1.46296e-05
-3.5927e-06
-1.39213e-05
-1.06962e-06
-1.01141e-05
-3.61469e-06
-3.12242e-07
2.81044e-06
-1.02138e-06
6.60637e-06
-1.92742e-06
8.89543e-06
-2.8964e-06
1.00705e-05
-3.8577e-06
1.04707e-05
-4.78514e-06
1.03265e-05
-5.67868e-06
9.76164e-06
-6.55042e-06
8.81763e-06
-7.41377e-06
7.48304e-06
-8.27365e-06
5.71748e-06
-9.11548e-06
3.47101e-06
-9.89583e-06
7.01818e-07
-1.0515e-05
-2.5921e-06
-1.08157e-05
-6.34427e-06
-1.05649e-05
-1.03366e-05
-9.48881e-06
-1.4091e-05
-7.39198e-06
-1.67265e-05
-4.4232e-06
-1.68901e-05
-1.43751e-06
-1.30998e-05
-5.0522e-06
-3.10302e-07
3.12074e-06
-9.81166e-07
7.27723e-06
-1.78099e-06
9.69526e-06
-2.57134e-06
1.08609e-05
-3.29531e-06
1.11946e-05
-3.94651e-06
1.09777e-05
-4.546e-06
1.03611e-05
-5.12794e-06
9.39957e-06
-5.73006e-06
8.08515e-06
-6.38559e-06
6.37301e-06
-7.1141e-06
4.19953e-06
-7.90943e-06
1.49714e-06
-8.71563e-06
-1.78591e-06
-9.40516e-06
-5.65474e-06
-9.74295e-06
-9.9988e-06
-9.37675e-06
-1.44572e-05
-7.91217e-06
-1.8191e-05
-5.19459e-06
-1.96077e-05
-1.89057e-06
-1.64038e-05
-6.94277e-06
-3.54821e-07
3.47556e-06
-1.02508e-06
7.94749e-06
-1.70798e-06
1.03782e-05
-2.26447e-06
1.14174e-05
-2.66727e-06
1.15974e-05
-2.94254e-06
1.1253e-05
-3.13936e-06
1.0558e-05
-3.31638e-06
9.57659e-06
-3.53512e-06
8.3039e-06
-3.85542e-06
6.6933e-06
-4.32976e-06
4.67387e-06
-4.99376e-06
2.16114e-06
-5.84709e-06
-9.32576e-07
-6.82304e-06
-4.67878e-06
-7.73646e-06
-9.08539e-06
-8.22237e-06
-1.39713e-05
-7.72537e-06
-1.8688e-05
-5.71322e-06
-2.16199e-05
-2.40233e-06
-1.97147e-05
-9.3451e-06
-5.01892e-07
3.97745e-06
-1.24744e-06
8.69304e-06
-1.80358e-06
1.09343e-05
-2.05485e-06
1.16686e-05
-2.03574e-06
1.15783e-05
-1.82447e-06
1.10417e-05
-1.50701e-06
1.02405e-05
-1.16822e-06
9.23781e-06
-8.90726e-07
8.0264e-06
-7.55574e-07
6.55815e-06
-8.41574e-07
4.75987e-06
-1.22166e-06
2.54123e-06
-1.95209e-06
-2.02151e-07
-3.04516e-06
-3.58571e-06
-4.41433e-06
-7.71622e-06
-5.77032e-06
-1.26153e-05
-6.49742e-06
-1.79609e-05
-5.69597e-06
-2.24213e-05
-2.88454e-06
-2.25261e-05
-1.22296e-05
-8.46847e-07
4.8243e-06
-1.7666e-06
9.61279e-06
-2.13654e-06
1.13042e-05
-1.94811e-06
1.14802e-05
-1.3558e-06
1.0986e-05
-5.15154e-07
1.02011e-05
4.43273e-07
9.28206e-06
1.40957e-06
8.2715e-06
2.2853e-06
7.15067e-06
2.97615e-06
5.86731e-06
3.3863e-06
4.34972e-06
3.41599e-06
2.51153e-06
2.9627e-06
2.51135e-07
1.93842e-06
-2.56143e-06
3.06456e-07
-6.08425e-06
-1.80275e-06
-1.05061e-05
-3.87093e-06
-1.58927e-05
-4.75551e-06
-2.15367e-05
-3.14434e-06
-2.41373e-05
-1.5374e-05
-1.52316e-06
6.34745e-06
-2.62098e-06
1.07106e-05
-2.54105e-06
1.12243e-05
-1.60521e-06
1.05444e-05
-1.75985e-07
9.55678e-06
1.49601e-06
8.52909e-06
3.24059e-06
7.53748e-06
4.93411e-06
6.57798e-06
6.47584e-06
5.60895e-06
7.77128e-06
4.57187e-06
8.72099e-06
3.4e-06
9.21308e-06
2.01945e-06
9.11582e-06
3.48396e-07
8.28682e-06
-1.73242e-06
6.57748e-06
-4.37492e-06
3.92048e-06
-7.84912e-06
5.84396e-07
-1.25567e-05
-2.36595e-06
-1.85864e-05
-2.85204e-06
-2.36512e-05
-1.8226e-05
-2.58642e-06
8.93388e-06
-3.22066e-06
1.13449e-05
-1.85306e-06
9.8567e-06
4.5357e-07
8.23773e-06
3.09456e-06
6.91579e-06
5.78584e-06
5.83781e-06
8.37751e-06
4.94582e-06
1.07759e-05
4.1796e-06
1.29091e-05
3.47572e-06
1.47062e-05
2.77479e-06
1.60836e-05
2.02256e-06
1.69362e-05
1.16689e-06
1.71264e-05
1.58151e-07
1.64908e-05
-1.09676e-06
1.48047e-05
-2.68885e-06
1.1819e-05
-4.86345e-06
7.41235e-06
-8.14997e-06
2.26464e-06
-1.34387e-05
-1.19512e-06
-2.01915e-05
-1.94211e-05
-2.63381e-06
1.15677e-05
-7.27088e-08
8.78376e-06
4.22806e-06
5.55594e-06
8.4374e-06
4.02839e-06
1.2264e-05
3.08915e-06
1.56871e-05
2.4148e-06
1.87131e-05
1.91975e-06
2.13518e-05
1.54095e-06
2.36029e-05
1.22464e-06
2.54463e-05
9.31368e-07
2.68365e-05
6.3235e-07
2.76965e-05
3.0687e-07
2.7916e-05
-6.13375e-08
2.73533e-05
-5.34088e-07
2.57665e-05
-1.10202e-06
2.28098e-05
-1.90676e-06
1.79695e-05
-3.30964e-06
1.09281e-05
-6.39733e-06
3.18454e-06
-1.24479e-05
-1.62366e-05
1.15677e-05
2.03514e-05
2.59074e-05
2.99358e-05
3.30249e-05
3.54397e-05
3.73595e-05
3.89004e-05
4.01251e-05
4.10564e-05
4.16888e-05
4.19957e-05
4.19343e-05
4.14002e-05
4.02982e-05
3.83914e-05
3.50818e-05
2.86845e-05
1.62366e-05
)
;

boundaryField
{
    movingWall
    {
        type            calculated;
        value           uniform 0;
    }
    fixedWalls
    {
        type            calculated;
        value           uniform 0;
    }
    frontAndBack
    {
        type            empty;
    }
}


// ************************************************************************* //
