/*--------------------------------*- C++ -*----------------------------------*\
| =========                 |                                                 |
| \\      /  F ield         | OpenFOAM: The Open Source CFD Toolbox           |
|  \\    /   O peration     | Version:  2606                                  |
|   \\  /    A nd           | Website:  www.openfoam.com                      |
|    \\/     M anipulation  |                                                 |
\*---------------------------------------------------------------------------*/
FoamFile
{
    version     2.0;
    format      ascii;
    arch        "LSB;label=32;scalar=64";
    class       volVectorField;
    location    "1.4";
    object      U;
}
// * * * * * * * * * * * * * * * * * * * * * * * * * * * * * * * * * * * * * //

dimensions      [0 1 -1 0 0 0 0];

internalField   nonuniform List<vector> 
400
(
(0.000252626 -0.000254565 0)
(7.51075e-05 0.000125422 0)
(-0.00133419 0.000549328 0)
(-0.0036339 0.000824673 0)
(-0.00644507 0.000966158 0)
(-0.00946005 0.00100894 0)
(-0.0124234 0.000971802 0)
(-0.0150988 0.000855588 0)
(-0.0172437 0.000651711 0)
(-0.0186077 0.000355064 0)
(-0.0189606 -2.36858e-05 0)
(-0.0181445 -0.000451034 0)
(-0.0161365 -0.000863843 0)
(-0.0131006 -0.00118136 0)
(-0.00940901 -0.0013222 0)
(-0.00560863 -0.00122981 0)
(-0.00232423 -0.000898607 0)
(-0.00011012 -0.000392666 0)
(0.000737179 0.000138862 0)
(0.000402241 0.000383005 0)
(-0.000139878 -8.77416e-05 0)
(-0.00192147 0.00183183 0)
(-0.00630594 0.00370759 0)
(-0.0124702 0.00496658 0)
(-0.0196483 0.00561366 0)
(-0.0271844 0.00573955 0)
(-0.0344673 0.00540057 0)
(-0.0409084 0.00460559 0)
(-0.0459268 0.00334481 0)
(-0.0489682 0.00163701 0)
(-0.0495702 -0.000425241 0)
(-0.0474551 -0.00264794 0)
(-0.0426396 -0.00473339 0)
(-0.0355211 -0.00631986 0)
(-0.0268978 -0.00705798 0)
(-0.0179 -0.00671609 0)
(-0.00980631 -0.00528765 0)
(-0.00375281 -0.0030639 0)
(-0.000407806 -0.000669761 0)
(0.000271255 0.000771831 0)
(-0.000676682 0.00145227 0)
(-0.00433829 0.00637649 0)
(-0.0117782 0.0106651 0)
(-0.0215132 0.0135216 0)
(-0.0324463 0.014941 0)
(-0.0437014 0.0150633 0)
(-0.0544362 0.0139842 0)
(-0.0638275 0.0117321 0)
(-0.0710745 0.00832562 0)
(-0.0754335 0.00386496 0)
(-0.0762996 -0.00138233 0)
(-0.0733202 -0.00693146 0)
(-0.066518 -0.0120911 0)
(-0.0563928 -0.0160434 0)
(-0.0439615 -0.0180053 0)
(-0.0306974 -0.0174524 0)
(-0.0183228 -0.0143561 0)
(-0.00844864 -0.0093455 0)
(-0.00221451 -0.003749 0)
(-5.64127e-05 0.000303799 0)
(-0.0011726 0.00432574 0)
(-0.00664438 0.0135781 0)
(-0.0170291 0.0209099 0)
(-0.0300934 0.0256278 0)
(-0.0444034 0.0278381 0)
(-0.0589222 0.0277711 0)
(-0.0726631 0.0255742 0)
(-0.0846613 0.0213037 0)
(-0.0939803 0.0150227 0)
(-0.0997469 0.00693944 0)
(-0.101234 -0.00246789 0)
(-0.0979742 -0.0123811 0)
(-0.0898983 -0.0216501 0)
(-0.0774629 -0.0289113 0)
(-0.0617433 -0.0328259 0)
(-0.044434 -0.0324357 0)
(-0.0276715 -0.0275699 0)
(-0.0136337 -0.0191541 0)
(-0.0041381 -0.00927608 0)
(-0.000362264 -0.00113102 0)
(-0.00160255 0.0084013 0)
(-0.00870411 0.0232189 0)
(-0.0217765 0.0341292 0)
(-0.0378622 0.040867 0)
(-0.0552114 0.0438208 0)
(-0.0726709 0.043388 0)
(-0.0891754 0.0397953 0)
(-0.103691 0.0331326 0)
(-0.115206 0.023503 0)
(-0.122749 0.0112103 0)
(-0.125455 -0.00307593 0)
(-0.122675 -0.0182192 0)
(-0.114118 -0.0326039 0)
(-0.100037 -0.0442586 0)
(-0.0813987 -0.0511457 0)
(-0.0600118 -0.0516503 0)
(-0.0384383 -0.0452125 0)
(-0.0195925 -0.0328871 0)
(-0.00626128 -0.0175258 0)
(-0.000654764 -0.00356365 0)
(-0.00195876 0.0135205 0)
(-0.0104449 0.0350244 0)
(-0.0258319 0.0500157 0)
(-0.0445369 0.0589312 0)
(-0.0645448 0.0626133 0)
(-0.0846312 0.061719 0)
(-0.10371 0.0565913 0)
(-0.12074 0.0473558 0)
(-0.134685 0.0341304 0)
(-0.144498 0.0172646 0)
(-0.149163 -0.00244834 0)
(-0.147779 -0.0236181 0)
(-0.139711 -0.0442067 0)
(-0.124828 -0.0615933 0)
(-0.103792 -0.0728722 0)
(-0.0783538 -0.0754562 0)
(-0.0514546 -0.0679904 0)
(-0.0269095 -0.0513277 0)
(-0.00886125 -0.0290371 0)
(-0.000998188 -0.00712239 0)
(-0.00222911 0.0194886 0)
(-0.0117945 0.0486189 0)
(-0.0290156 0.068135 0)
(-0.0498226 0.079394 0)
(-0.0720028 0.0838468 0)
(-0.0943071 0.0825034 0)
(-0.115682 0.0758652 0)
(-0.135138 0.0640927 0)
(-0.151668 0.0472785 0)
(-0.164193 0.0257407 0)
(-0.171548 0.000286697 0)
(-0.172551 -0.0275663 0)
(-0.166138 -0.0554506 0)
(-0.151622 -0.0801103 0)
(-0.129115 -0.0976241 0)
(-0.100032 -0.104056 0)
(-0.0674894 -0.0966681 0)
(-0.0362577 -0.0755155 0)
(-0.0122932 -0.0446635 0)
(-0.00147637 -0.0121151 0)
(-0.00239859 0.0260712 0)
(-0.0126798 0.0635347 0)
(-0.0311512 0.0879289 0)
(-0.0534097 0.101688 0)
(-0.0771156 0.106998 0)
(-0.101038 0.105313 0)
(-0.124207 0.0973405 0)
(-0.145743 0.0832763 0)
(-0.164738 0.0631451 0)
(-0.180143 0.0371423 0)
(-0.190715 0.00595247 0)
(-0.195021 -0.028955 0)
(-0.191541 -0.0650483 0)
(-0.178921 -0.0985515 0)
(-0.156465 -0.124477 0)
(-0.124855 -0.137186 0)
(-0.0869444 -0.131815 0)
(-0.0482479 -0.106639 0)
(-0.0169541 -0.0655889 0)
(-0.00219182 -0.019058 0)
(-0.00245637 0.0329957 0)
(-0.0130482 0.0792253 0)
(-0.0321007 0.108723 0)
(-0.0550242 0.125086 0)
(-0.0794137 0.131339 0)
(-0.104092 0.129465 0)
(-0.128219 0.120432 0)
(-0.151087 0.104487 0)
(-0.171964 0.081555 0)
(-0.18994 0.0516238 0)
(-0.203809 0.0151135 0)
(-0.21201 -0.0267503 0)
(-0.212655 -0.0715213 0)
(-0.203711 -0.115159 0)
(-0.183472 -0.151745 0)
(-0.151432 -0.173749 0)
(-0.109484 -0.1734 0)
(-0.0632487 -0.145769 0)
(-0.023266 -0.0932687 0)
(-0.00327855 -0.028697 0)
(-0.00240753 0.0399713 0)
(-0.012906 0.0950975 0)
(-0.031834 0.129747 0)
(-0.0545259 0.148698 0)
(-0.0785573 0.155897 0)
(-0.102836 0.153947 0)
(-0.126692 0.144141 0)
(-0.149653 0.126814 0)
(-0.171253 0.101787 0)
(-0.190845 0.0687873 0)
(-0.20743 0.0278558 0)
(-0.219521 -0.0202273 0)
(-0.225081 -0.073406 0)
(-0.221546 -0.127775 0)
(-0.206151 -0.176882 0)
(-0.176813 -0.211454 0)
(-0.133616 -0.220244 0)
(-0.081118 -0.193385 0)
(-0.0316447 -0.129259 0)
(-0.00492473 -0.042036 0)
(-0.00228885 0.0467357 0)
(-0.0123717 0.110582 0)
(-0.0305217 0.150186 0)
(-0.0520364 0.171493 0)
(-0.0745034 0.179459 0)
(-0.0969517 0.177401 0)
(-0.118934 0.16702 0)
(-0.140271 0.148796 0)
(-0.160849 0.122478 0)
(-0.180407 0.0875331 0)
(-0.198346 0.0435648 0)
(-0.213501 -0.00924914 0)
(-0.224012 -0.0696038 0)
(-0.22711 -0.134173 0)
(-0.219177 -0.196655 0)
(-0.196414 -0.246663 0)
(-0.156318 -0.269482 0)
(-0.100822 -0.248678 0)
(-0.0424054 -0.17487 0)
(-0.00739756 -0.060368 0)
(-0.00219176 0.0531381 0)
(-0.0117434 0.125253 0)
(-0.0286423 0.169277 0)
(-0.0480729 0.192363 0)
(-0.0676669 0.200616 0)
(-0.0866512 0.198175 0)
(-0.104873 0.187233 0)
(-0.122511 0.168482 0)
(-0.139866 0.141662 0)
(-0.15716 0.106026 0)
(-0.174338 0.0607501 0)
(-0.19086 0.00533611 0)
(-0.205347 -0.0598536 0)
(-0.215264 -0.13262 0)
(-0.2167 -0.207668 0)
(-0.20442 -0.274644 0)
(-0.172946 -0.31626 0)
(-0.120015 -0.308753 0)
(-0.0555382 -0.230543 0)
(-0.0110506 -0.0852821 0)
(-0.00230151 0.0592738 0)
(-0.0115933 0.138991 0)
(-0.0270954 0.18642 0)
(-0.0436519 0.210202 0)
(-0.0590157 0.217842 0)
(-0.0727753 0.214427 0)
(-0.085199 0.202697 0)
(-0.0968964 0.18361 0)
(-0.108627 0.156959 0)
(-0.121131 0.121866 0)
(-0.134974 0.0771584 0)
(-0.150341 0.0217146 0)
(-0.166682 -0.0450726 0)
(-0.182255 -0.122541 0)
(-0.193553 -0.20724 0)
(-0.194707 -0.290365 0)
(-0.177592 -0.354006 0)
(-0.134767 -0.368001 0)
(-0.0702888 -0.294882 0)
(-0.0162627 -0.11855 0)
(-0.00297384 0.0657065 0)
(-0.012914 0.152199 0)
(-0.0273117 0.201277 0)
(-0.040304 0.223937 0)
(-0.0499906 0.229538 0)
(-0.0566488 0.224216 0)
(-0.0611713 0.211244 0)
(-0.0646866 0.191833 0)
(-0.0684235 0.165858 0)
(-0.0736129 0.132389 0)
(-0.0813987 0.0900405 0)
(-0.0927002 0.037233 0)
(-0.10794 -0.0275161 0)
(-0.126578 -0.105072 0)
(-0.146332 -0.194384 0)
(-0.161942 -0.289737 0)
(-0.163857 -0.375435 0)
(-0.139604 -0.4181 0)
(-0.0845242 -0.363445 0)
(-0.0232058 -0.1617 0)
(-0.00488026 0.0738578 0)
(-0.01734 0.166019 0)
(-0.0312781 0.213736 0)
(-0.0398114 0.232421 0)
(-0.0419966 0.233957 0)
(-0.0393777 0.225505 0)
(-0.0337542 0.210702 0)
(-0.0268636 0.190884 0)
(-0.0203842 0.165958 0)
(-0.0159485 0.13498 0)
(-0.0151543 0.0964802 0)
(-0.0195318 0.0486501 0)
(-0.0304116 -0.0105381 0)
(-0.0485892 -0.0831365 0)
(-0.0736224 -0.170466 0)
(-0.102247 -0.27093 0)
(-0.125562 -0.37416 0)
(-0.12773 -0.448978 0)
(-0.093967 -0.42794 0)
(-0.0312622 -0.215257 0)
(-0.00921447 0.0867416 0)
(-0.027308 0.182435 0)
(-0.0410295 0.223563 0)
(-0.0429385 0.234028 0)
(-0.0345819 0.228889 0)
(-0.0196641 0.215953 0)
(-0.00118063 0.19879 0)
(0.0184844 0.178566 0)
(0.0372796 0.155078 0)
(0.053312 0.127339 0)
(0.0647109 0.0938908 0)
(0.0695475 0.0529219 0)
(0.0658035 0.0022726 0)
(0.051535 -0.0606739 0)
(0.0252305 -0.13891 0)
(-0.0128303 -0.234932 0)
(-0.0568927 -0.346115 0)
(-0.0910853 -0.450343 0)
(-0.0915518 -0.476447 0)
(-0.0379224 -0.278274 0)
(-0.0176953 0.11046 0)
(-0.045206 0.203424 0)
(-0.0555012 0.228645 0)
(-0.0444568 0.225061 0)
(-0.0195773 0.210477 0)
(0.0123308 0.192115 0)
(0.0471022 0.172626 0)
(0.0819349 0.152518 0)
(0.114667 0.131236 0)
(0.143409 0.10769 0)
(0.166274 0.0804898 0)
(0.181206 0.0480105 0)
(0.185801 0.00832169 0)
(0.177388 -0.0410697 0)
(0.152947 -0.103657 0)
(0.109763 -0.184706 0)
(0.0484999 -0.289824 0)
(-0.0198606 -0.412498 0)
(-0.0671876 -0.493419 0)
(-0.0371687 -0.34651 0)
(-0.0307462 0.156227 0)
(-0.0669644 0.225385 0)
(-0.0566427 0.21746 0)
(-0.0167903 0.194249 0)
(0.0344883 0.170058 0)
(0.088709 0.147878 0)
(0.142038 0.128145 0)
(0.192266 0.110222 0)
(0.237846 0.0930308 0)
(0.277423 0.0753729 0)
(0.309515 0.056027 0)
(0.332303 0.033721 0)
(0.343373 0.00702197 0)
(0.339891 -0.0258645 0)
(0.318014 -0.0677637 0)
(0.27293 -0.124284 0)
(0.20014 -0.206527 0)
(0.100053 -0.327009 0)
(-0.00535611 -0.456524 0)
(-0.0153645 -0.398755 0)
(-0.0282471 0.226548 0)
(-0.042203 0.223655 0)
(0.0373448 0.16603 0)
(0.127053 0.128164 0)
(0.208468 0.102247 0)
(0.281003 0.082786 0)
(0.345435 0.0677645 0)
(0.402056 0.0557119 0)
(0.450961 0.0453019 0)
(0.491978 0.0354453 0)
(0.524488 0.0252538 0)
(0.547322 0.013953 0)
(0.558567 0.000790312 0)
(0.555915 -0.0149459 0)
(0.535554 -0.0349709 0)
(0.492009 -0.0626455 0)
(0.416951 -0.107546 0)
(0.297234 -0.193997 0)
(0.132905 -0.333158 0)
(0.0673968 -0.369502 0)
(0.2615 0.137374 0)
(0.324073 0.118085 0)
(0.455303 0.0773668 0)
(0.560428 0.0519973 0)
(0.63318 0.036565 0)
(0.687058 0.0263928 0)
(0.729598 0.0194564 0)
(0.76385 0.0145799 0)
(0.791317 0.0109115 0)
(0.812779 0.00784826 0)
(0.828412 0.0049693 0)
(0.837889 0.00197279 0)
(0.840448 -0.00137984 0)
(0.834776 -0.00513953 0)
(0.818682 -0.009881 0)
(0.788861 -0.0164612 0)
(0.737892 -0.0274023 0)
(0.647965 -0.0517989 0)
(0.474687 -0.111388 0)
(0.341588 -0.15579 0)
)
;

boundaryField
{
    movingWall
    {
        type            fixedValue;
        value           uniform (1 0 0);
    }
    fixedWalls
    {
        type            noSlip;
    }
    frontAndBack
    {
        type            empty;
    }
}


// ************************************************************************* //
