/*--------------------------------*- C++ -*----------------------------------*\
| =========                 |                                                 |
| \\      /  F ield         | OpenFOAM: The Open Source CFD Toolbox           |
|  \\    /   O peration     | Version:  2606                                  |
|   \\  /    A nd           | Website:  www.openfoam.com                      |
|    \\/     M anipulation  |                                                 |
\*---------------------------------------------------------------------------*/
FoamFile
{
    version     2.0;
    format      ascii;
    arch        "LSB;label=32;scalar=64";
    class       volScalarField;
    location    "0.9";
    object      p;
}
// * * * * * * * * * * * * * * * * * * * * * * * * * * * * * * * * * * * * * //

dimensions      [0 2 -2 0 0 0 0];

internalField   nonuniform List<scalar> 
400
(
4.75331e-08
-0.000621096
-0.00132292
-0.00186177
-0.00211778
-0.00203686
-0.00159637
-0.000789484
0.00037047
0.00183439
0.00350191
0.00521357
0.00676543
0.00793994
0.00855916
0.00854366
0.00795739
0.00701866
0.00607382
0.00551706
0.000615261
-3.29353e-05
-0.000576884
-0.000943948
-0.00110167
-0.00101552
-0.000663646
-3.40221e-05
0.000870399
0.00201768
0.00333313
0.0046965
0.0059426
0.00689601
0.00741233
0.00742737
0.00699269
0.00627875
0.00552945
0.0049665
0.00135927
0.000462846
-0.000111897
-0.000437948
-0.000580604
-0.00053186
-0.000274606
0.000210074
0.000935165
0.0018904
0.00302479
0.00423633
0.00537519
0.00626903
0.00676595
0.00678613
0.00636188
0.00563887
0.00480006
0.00399968
0.00192288
0.000707038
1.46921e-05
-0.000348818
-0.000538694
-0.00057088
-0.000430679
-8.80775e-05
0.000491353
0.00132337
0.00238072
0.0035758
0.00475705
0.00573147
0.00630987
0.00636828
0.00590423
0.00504732
0.00395354
0.00275639
0.00205154
0.000525255
-0.000305214
-0.0007444
-0.00102663
-0.00118527
-0.00120223
-0.00103033
-0.000607075
0.00011634
0.00114273
0.00240467
0.00374549
0.00493975
0.00573736
0.00593831
0.00547634
0.00445429
0.00301577
0.00130782
0.00152657
-0.000272823
-0.00124344
-0.00178791
-0.00220775
-0.00254722
-0.00277897
-0.00283244
-0.00260938
-0.00201752
-0.0010111
0.000378209
0.00199513
0.00357885
0.00479586
0.00532839
0.00499802
0.00384716
0.00200152
-0.000349387
0.0001663
-0.00185466
-0.00296044
-0.00363886
-0.00424684
-0.00483501
-0.00536299
-0.0057319
-0.00579968
-0.00541577
-0.00446672
-0.00293935
-0.000947436
0.00122051
0.00313026
0.00429536
0.00435011
0.00320551
0.000926767
-0.00223761
-0.00216974
-0.00435151
-0.0055836
-0.00642458
-0.00727619
-0.00819437
-0.00912555
-0.00994057
-0.0104469
-0.0104215
-0.00966046
-0.00805007
-0.00563461
-0.00269153
0.000248308
0.00247972
0.00334639
0.00250123
-0.000160443
-0.00434473
-0.00557026
-0.00784717
-0.00919203
-0.0102187
-0.0113661
-0.0126989
-0.0141552
-0.0155783
-0.0167225
-0.0172799
-0.0169274
-0.0154041
-0.0126193
-0.00877202
-0.00444791
-0.000595206
0.00172182
0.00170391
-0.00114181
-0.00656233
-0.0100607
-0.0123677
-0.0138004
-0.0150148
-0.0164855
-0.0182965
-0.0203876
-0.0225827
-0.0245866
-0.0260007
-0.0263588
-0.0252056
-0.0222541
-0.0175139
-0.0115282
-0.00545032
-0.000841401
0.000798763
-0.00177828
-0.00859516
-0.0155998
-0.01788
-0.01935
-0.0207045
-0.0224672
-0.02476
-0.02754
-0.0306242
-0.0336768
-0.036211
-0.0376074
-0.0371768
-0.0344175
-0.0289902
-0.0212549
-0.0124371
-0.00458582
-0.000143224
-0.00163116
-0.0098143
-0.0220944
-0.0243085
-0.0257147
-0.0270705
-0.0289898
-0.0316628
-0.0350826
-0.0390712
-0.0432622
-0.0470896
-0.0498015
-0.0505221
-0.0482893
-0.0425275
-0.0332032
-0.0213718
-0.00939711
-0.000788732
7.32137e-05
-0.00901973
-0.0294456
-0.0315751
-0.0327223
-0.0337939
-0.0355844
-0.0383952
-0.0422702
-0.0470408
-0.0523128
-0.0574481
-0.0615634
-0.0635665
-0.062241
-0.0565447
-0.0459679
-0.0311423
-0.0144077
-0.000231881
0.00468567
-0.00407902
-0.0376511
-0.0396704
-0.0401869
-0.0404736
-0.0416681
-0.0442285
-0.0482475
-0.0535513
-0.0597024
-0.0659842
-0.0713886
-0.0746356
-0.0742527
-0.0687944
-0.0572274
-0.0395602
-0.0176948
0.00335358
0.0144959
0.0085236
-0.0470203
-0.0487627
-0.0479328
-0.0466406
-0.046595
-0.0484157
-0.0522027
-0.05773
-0.0644742
-0.0716102
-0.0779932
-0.0821635
-0.0824112
-0.0769477
-0.0642636
-0.0436919
-0.0163596
0.0128425
0.0329936
0.033919
-0.0586486
-0.0593682
-0.0557826
-0.0517578
-0.0497187
-0.0503124
-0.0535301
-0.0590089
-0.0660675
-0.073722
-0.080655
-0.085211
-0.0854475
-0.0792589
-0.0647264
-0.0405789
-0.00703676
0.0319231
0.0646863
0.0784824
-0.0755719
-0.0726665
-0.0636209
-0.0553481
-0.0505723
-0.0495688
-0.0520133
-0.0572747
-0.0644363
-0.072294
-0.0793199
-0.0836351
-0.0830417
-0.0750831
-0.0574101
-0.0281717
0.0132709
0.0646042
0.114977
0.151001
-0.106426
-0.0908138
-0.0714958
-0.0572008
-0.0490151
-0.0462041
-0.0478481
-0.0528736
-0.0600303
-0.0678583
-0.0746117
-0.0781887
-0.0761251
-0.0655586
-0.0435847
-0.00740859
0.0449848
0.113111
0.190939
0.271462
-0.178031
-0.11438
-0.07474
-0.0533018
-0.0422199
-0.0383117
-0.0398494
-0.045188
-0.052698
-0.0607122
-0.067359
-0.07042
-0.0672455
-0.0546313
-0.029119
0.0135938
0.0784985
0.171118
0.29885
0.473074
-0.344796
-0.13563
-0.0554795
-0.0319686
-0.0231191
-0.0212627
-0.0249027
-0.0322
-0.0413181
-0.0505753
-0.0581673
-0.0619587
-0.0594377
-0.0476299
-0.0221787
0.0220385
0.0938288
0.211115
0.409151
0.738437
)
;

boundaryField
{
    movingWall
    {
        type            zeroGradient;
    }
    fixedWalls
    {
        type            zeroGradient;
    }
    frontAndBack
    {
        type            empty;
    }
}


// ************************************************************************* //
