/*--------------------------------*- C++ -*----------------------------------*\
| =========                 |                                                 |
| \\      /  F ield         | OpenFOAM: The Open Source CFD Toolbox           |
|  \\    /   O peration     | Version:  2606                                  |
|   \\  /    A nd           | Website:  www.openfoam.com                      |
|    \\/     M anipulation  |                                                 |
\*---------------------------------------------------------------------------*/
FoamFile
{
    version     2.0;
    format      ascii;
    arch        "LSB;label=32;scalar=64";
    class       surfaceScalarField;
    location    "0.9";
    object      phi;
}
// * * * * * * * * * * * * * * * * * * * * * * * * * * * * * * * * * * * * * //

dimensions      [0 3 -1 0 0 0 0];

oriented        oriented;

internalField   nonuniform List<scalar> 
760
(
1.21176e-08
-1.21188e-08
-2.88172e-08
4.09342e-08
-1.21648e-07
9.28308e-08
-2.48411e-07
1.26763e-07
-3.92306e-07
1.43896e-07
-5.39716e-07
1.4741e-07
-6.78821e-07
1.39105e-07
-7.98022e-07
1.19201e-07
-8.85236e-07
8.7214e-08
-9.2857e-07
4.33343e-08
-9.18179e-07
-1.03913e-08
-8.49334e-07
-6.88452e-08
-7.25101e-07
-1.24233e-07
-5.58465e-07
-1.66635e-07
-3.72104e-07
-1.86361e-07
-1.9528e-07
-1.76824e-07
-5.77319e-08
-1.37548e-07
1.85599e-08
-7.62921e-08
2.91438e-08
-1.0584e-08
2.91438e-08
-4.27228e-08
3.06039e-08
-2.0184e-07
2.00052e-07
-4.62103e-07
3.53093e-07
-7.90353e-07
4.55013e-07
-1.15258e-06
5.06119e-07
-1.51741e-06
5.12248e-07
-1.85557e-06
4.77263e-07
-2.13851e-06
4.02138e-07
-2.33836e-06
2.87062e-07
-2.4299e-06
1.34881e-07
-2.39475e-06
-4.55402e-08
-2.22572e-06
-2.37878e-07
-1.9326e-06
-4.17357e-07
-1.5444e-06
-5.54836e-07
-1.10861e-06
-6.22149e-07
-6.85028e-07
-6.00404e-07
-3.34049e-07
-4.88527e-07
-1.01283e-07
-3.09058e-07
-1.89011e-09
-1.09977e-07
2.72534e-08
-1.08917e-07
1.3952e-07
-3.97381e-07
4.88518e-07
-8.19399e-07
7.75111e-07
-1.32635e-06
9.61967e-07
-1.8719e-06
1.05166e-06
-2.41302e-06
1.05337e-06
-2.90889e-06
9.73131e-07
-3.31979e-06
8.13038e-07
-3.60772e-06
5.7499e-07
-3.73924e-06
2.66406e-07
-3.6903e-06
-9.44804e-08
-3.45204e-06
-4.76142e-07
-3.03662e-06
-8.32771e-07
-2.48092e-06
-1.11054e-06
-1.84623e-06
-1.25684e-06
-1.21189e-06
-1.23474e-06
-6.61455e-07
-1.03897e-06
-2.62986e-07
-7.07527e-07
-4.85131e-08
-3.2445e-07
-2.12599e-08
-1.70952e-07
3.10473e-07
-5.84218e-07
9.01785e-07
-1.15962e-06
1.35051e-06
-1.83028e-06
1.63263e-06
-2.53891e-06
1.7603e-06
-3.23447e-06
1.74893e-06
-3.86899e-06
1.60766e-06
-4.39593e-06
1.33997e-06
-4.77062e-06
9.49687e-07
-4.95328e-06
4.49062e-07
-4.91384e-06
-1.33917e-07
-4.63816e-06
-7.51827e-07
-4.13489e-06
-1.33604e-06
-3.44119e-06
-1.80424e-06
-2.62524e-06
-2.07279e-06
-1.78226e-06
-2.07772e-06
-1.02072e-06
-1.80051e-06
-4.38754e-07
-1.28949e-06
-9.70807e-08
-6.66124e-07
-1.1834e-07
-2.2597e-07
5.36442e-07
-7.52808e-07
1.42862e-06
-1.46809e-06
2.06579e-06
-2.28711e-06
2.45165e-06
-3.14313e-06
2.61631e-06
-3.97975e-06
2.58555e-06
-4.74527e-06
2.37318e-06
-5.3895e-06
1.9842e-06
-5.86337e-06
1.42356e-06
-6.1211e-06
7.06789e-07
-6.12468e-06
-1.30333e-07
-5.84967e-06
-1.02684e-06
-5.2942e-06
-1.89151e-06
-4.48754e-06
-2.61089e-06
-3.49797e-06
-3.06236e-06
-2.4342e-06
-3.14149e-06
-1.43432e-06
-2.80039e-06
-6.38153e-07
-2.08566e-06
-1.48803e-07
-1.15547e-06
-2.67143e-07
-2.72591e-07
8.09033e-07
-8.97162e-07
2.0532e-06
-1.73392e-06
2.90255e-06
-2.68284e-06
3.40057e-06
-3.66986e-06
3.60332e-06
-4.63582e-06
3.55151e-06
-5.52815e-06
3.26551e-06
-6.29578e-06
2.75182e-06
-6.88706e-06
2.01485e-06
-7.25041e-06
1.07013e-06
-7.33797e-06
-4.27715e-08
-7.11006e-06
-1.25475e-06
-6.54699e-06
-2.45457e-06
-5.66072e-06
-3.49717e-06
-4.51027e-06
-4.21281e-06
-3.2125e-06
-4.43926e-06
-1.93825e-06
-4.07463e-06
-8.82903e-07
-3.14101e-06
-2.11392e-07
-1.82698e-06
-4.78535e-07
-3.09115e-07
1.11815e-06
-1.01136e-06
2.75544e-06
-1.94589e-06
3.83709e-06
-3.00095e-06
4.45562e-06
-4.0977e-06
4.70007e-06
-5.17674e-06
4.63055e-06
-6.18742e-06
4.27619e-06
-7.08054e-06
3.64494e-06
-7.80424e-06
2.73855e-06
-8.30261e-06
1.56851e-06
-8.51625e-06
1.7087e-07
-8.38918e-06
-1.38182e-06
-7.87628e-06
-2.96748e-06
-6.96202e-06
-4.41143e-06
-5.68303e-06
-5.4918e-06
-4.15217e-06
-5.97012e-06
-2.56959e-06
-5.65722e-06
-1.19902e-06
-4.51158e-06
-2.94442e-07
-2.73157e-06
-7.72977e-07
-3.33604e-07
1.45175e-06
-1.08934e-06
3.51117e-06
-2.0922e-06
4.83995e-06
-3.22244e-06
5.58586e-06
-4.39897e-06
5.87661e-06
-5.56455e-06
5.79613e-06
-6.67315e-06
5.38479e-06
-7.6806e-06
4.65239e-06
-8.5382e-06
3.59614e-06
-9.18873e-06
2.21904e-06
-9.56492e-06
5.4706e-07
-9.5929e-06
-1.35384e-06
-9.19998e-06
-3.36039e-06
-8.33354e-06
-5.27787e-06
-6.99119e-06
-6.83414e-06
-5.26068e-06
-7.70063e-06
-3.35543e-06
-7.56247e-06
-1.61244e-06
-6.25456e-06
-4.08684e-07
-3.93532e-06
-1.18166e-06
-3.44545e-07
1.7963e-06
-1.12633e-06
4.29295e-06
-2.16261e-06
5.87624e-06
-3.3288e-06
6.75204e-06
-4.5437e-06
7.09151e-06
-5.75436e-06
7.00679e-06
-6.92205e-06
6.55249e-06
-8.01119e-06
5.74153e-06
-8.98077e-06
4.56572e-06
-9.77792e-06
3.01619e-06
-1.03334e-05
1.10258e-06
-1.0561e-05
-1.12629e-06
-1.03622e-05
-3.55915e-06
-9.64225e-06
-5.99787e-06
-8.34291e-06
-8.13348e-06
-6.49757e-06
-9.54598e-06
-4.29938e-06
-9.76065e-06
-2.14453e-06
-8.40942e-06
-5.6606e-07
-5.51379e-06
-1.74772e-06
-3.41983e-07
2.13828e-06
-1.12155e-06
5.07252e-06
-2.15259e-06
6.90729e-06
-3.30762e-06
7.90707e-06
-4.50697e-06
8.29087e-06
-5.70393e-06
8.20375e-06
-6.86974e-06
7.7183e-06
-7.98113e-06
6.85292e-06
-9.01017e-06
5.59477e-06
-9.9158e-06
3.92182e-06
-1.06363e-05
1.82304e-06
-1.10824e-05
-6.80115e-07
-1.11412e-05
-3.5004e-06
-1.06771e-05
-6.46191e-06
-9.56566e-06
-9.24496e-06
-7.75411e-06
-1.13575e-05
-5.36412e-06
-1.21506e-05
-2.80514e-06
-1.09684e-05
-7.79993e-07
-7.53893e-06
-2.52771e-06
-3.29097e-07
2.46738e-06
-1.08195e-06
5.82537e-06
-2.06896e-06
7.8943e-06
-3.15998e-06
8.99808e-06
-4.27855e-06
9.40944e-06
-5.38649e-06
9.31168e-06
-6.46775e-06
8.79957e-06
-7.51503e-06
7.90019e-06
-8.51877e-06
6.5985e-06
-9.45747e-06
4.86053e-06
-1.02889e-05
2.65445e-06
-1.09322e-05
-3.68087e-08
-1.12808e-05
-3.15174e-06
-1.11693e-05
-6.57343e-06
-1.04098e-05
-1.00045e-05
-8.84053e-06
-1.29268e-05
-6.45149e-06
-1.45397e-05
-3.58065e-06
-1.38392e-05
-1.06495e-06
-1.00546e-05
-3.59267e-06
-3.14311e-07
2.78169e-06
-1.02679e-06
6.53785e-06
-1.93605e-06
8.80356e-06
-2.90798e-06
9.97001e-06
-3.8723e-06
1.03738e-05
-4.80317e-06
1.02426e-05
-5.70063e-06
9.69703e-06
-6.57657e-06
8.77613e-06
-7.44386e-06
7.4658e-06
-8.30675e-06
5.72341e-06
-9.14947e-06
3.49718e-06
-9.9302e-06
7.43922e-07
-1.05448e-05
-2.53713e-06
-1.08384e-05
-6.27984e-06
-1.05782e-05
-1.02647e-05
-9.49208e-06
-1.40129e-05
-7.38748e-06
-1.66443e-05
-4.41614e-06
-1.68106e-05
-1.43363e-06
-1.30371e-05
-5.02629e-06
-3.14541e-07
3.09623e-06
-9.93119e-07
7.21642e-06
-1.80136e-06
9.61179e-06
-2.59977e-06
1.07684e-05
-3.33129e-06
1.11053e-05
-3.98956e-06
1.09008e-05
-4.59558e-06
1.0303e-05
-5.18327e-06
9.36383e-06
-5.79003e-06
8.07255e-06
-6.44861e-06
6.382e-06
-7.17811e-06
4.22668e-06
-7.97218e-06
1.538e-06
-8.77362e-06
-1.7357e-06
-9.45485e-06
-5.59861e-06
-9.78094e-06
-9.93864e-06
-9.40073e-06
-1.43931e-05
-7.9224e-06
-1.81226e-05
-5.19509e-06
-1.95379e-05
-1.88847e-06
-1.63438e-05
-6.91476e-06
-3.60941e-07
3.45717e-06
-1.04277e-06
7.89825e-06
-1.73875e-06
1.03078e-05
-2.30792e-06
1.13376e-05
-2.72222e-06
1.15196e-05
-3.0074e-06
1.1186e-05
-3.21233e-06
1.0508e-05
-3.39548e-06
9.54697e-06
-3.61825e-06
8.29532e-06
-3.9404e-06
6.70415e-06
-4.41438e-06
4.70066e-06
-5.0757e-06
2.19932e-06
-5.9237e-06
-8.87699e-07
-6.89126e-06
-4.63105e-06
-7.79283e-06
-9.03706e-06
-8.26363e-06
-1.39223e-05
-7.74979e-06
-1.86365e-05
-5.72252e-06
-2.15651e-05
-2.40298e-06
-1.96633e-05
-9.31775e-06
-5.09306e-07
3.96648e-06
-1.26918e-06
8.65813e-06
-1.84192e-06
1.08805e-05
-2.10947e-06
1.16052e-05
-2.10482e-06
1.15149e-05
-1.90535e-06
1.09865e-05
-1.59656e-06
1.01992e-05
-1.26325e-06
9.21367e-06
-9.88133e-07
8.0202e-06
-8.52595e-07
6.56861e-06
-9.3592e-07
4.78398e-06
-1.31145e-06
2.57485e-06
-2.03555e-06
-1.636e-07
-3.12039e-06
-3.54622e-06
-4.47887e-06
-7.67858e-06
-5.82113e-06
-1.258e-05
-6.53169e-06
-1.79259e-05
-5.71301e-06
-2.23838e-05
-2.88844e-06
-2.24879e-05
-1.22062e-05
-8.5447e-07
4.82095e-06
-1.78941e-06
9.59307e-06
-2.17754e-06
1.12686e-05
-2.00728e-06
1.14349e-05
-1.43105e-06
1.09387e-05
-6.03099e-07
1.01586e-05
3.46595e-07
9.2495e-06
1.30834e-06
8.25192e-06
2.18334e-06
7.1452e-06
2.87672e-06
5.87523e-06
3.29189e-06
4.36881e-06
3.32829e-06
2.53846e-06
2.88278e-06
2.81905e-07
1.86697e-06
-2.53041e-06
2.44482e-07
-6.05609e-06
-1.85354e-06
-1.0482e-05
-3.90816e-06
-1.58713e-05
-4.77664e-06
-2.15153e-05
-3.15087e-06
-2.41137e-05
-1.53571e-05
-1.52912e-06
6.35007e-06
-2.64008e-06
1.0704e-05
-2.577e-06
1.12055e-05
-1.65876e-06
1.05167e-05
-2.45546e-07
9.52548e-06
1.41357e-06
8.49947e-06
3.14936e-06
7.51371e-06
4.83844e-06
6.56284e-06
6.37993e-06
5.60371e-06
7.67877e-06
4.57639e-06
8.63469e-06
3.41289e-06
9.1348e-06
2.03835e-06
9.04656e-06
3.70144e-07
8.2266e-06
-1.71045e-06
6.52617e-06
-4.35566e-06
3.87837e-06
-7.8342e-06
5.5303e-07
-1.25459e-05
-2.38596e-06
-1.85763e-05
-2.85946e-06
-2.36402e-05
-1.82165e-05
-2.58857e-06
8.93864e-06
-3.23033e-06
1.13458e-05
-1.87497e-06
9.85018e-06
4.17261e-07
8.22443e-06
3.04389e-06
6.89885e-06
5.72269e-06
5.82067e-06
8.30502e-06
4.93138e-06
1.0698e-05
4.16991e-06
1.28298e-05
3.47183e-06
1.46294e-05
2.77681e-06
1.60126e-05
2.02974e-06
1.6873e-05
1.17789e-06
1.70724e-05
1.70755e-07
1.6446e-05
-1.08406e-06
1.47685e-05
-2.67818e-06
1.17903e-05
-4.85593e-06
7.39012e-06
-8.1458e-06
2.2499e-06
-1.34361e-05
-1.20208e-06
-2.01882e-05
-1.94186e-05
-2.63174e-06
1.15704e-05
-7.19027e-08
8.78597e-06
4.2234e-06
5.55488e-06
8.4234e-06
4.02443e-06
1.22388e-05
3.0834e-06
1.56509e-05
2.40865e-06
1.86678e-05
1.91446e-06
2.13003e-05
1.53741e-06
2.35488e-05
1.22332e-06
2.53933e-05
9.32301e-07
2.67879e-05
6.35134e-07
2.76551e-05
3.10716e-07
2.78815e-05
-5.56551e-08
2.73274e-05
-5.29994e-07
2.57479e-05
-1.09865e-06
2.27967e-05
-1.90478e-06
1.79601e-05
-3.30921e-06
1.09218e-05
-6.3978e-06
3.18195e-06
-1.24483e-05
-1.62366e-05
1.15704e-05
2.03563e-05
2.59112e-05
2.99356e-05
3.3019e-05
3.54277e-05
3.73422e-05
3.88796e-05
4.01029e-05
4.10352e-05
4.16703e-05
4.1981e-05
4.19254e-05
4.13954e-05
4.02967e-05
3.8392e-05
3.50828e-05
2.8685e-05
1.62366e-05
)
;

boundaryField
{
    movingWall
    {
        type            calculated;
        value           uniform 0;
    }
    fixedWalls
    {
        type            calculated;
        value           uniform 0;
    }
    frontAndBack
    {
        type            empty;
    }
}


// ************************************************************************* //
