/*--------------------------------*- C++ -*----------------------------------*\
| =========                 |                                                 |
| \\      /  F ield         | OpenFOAM: The Open Source CFD Toolbox           |
|  \\    /   O peration     | Version:  2606                                  |
|   \\  /    A nd           | Website:  www.openfoam.com                      |
|    \\/     M anipulation  |                                                 |
\*---------------------------------------------------------------------------*/
FoamFile
{
    version     2.0;
    format      ascii;
    arch        "LSB;label=32;scalar=64";
    class       volVectorField;
    location    "0.9";
    object      U;
}
// * * * * * * * * * * * * * * * * * * * * * * * * * * * * * * * * * * * * * //

dimensions      [0 1 -1 0 0 0 0];

internalField   nonuniform List<vector> 
400
(
(0.000245739 -0.000248222 0)
(6.47479e-05 0.000127005 0)
(-0.00132852 0.000544105 0)
(-0.00359657 0.000814524 0)
(-0.00636682 0.000953091 0)
(-0.00933673 0.000994463 0)
(-0.0122553 0.000957274 0)
(-0.0148908 0.000842573 0)
(-0.0170055 0.000642073 0)
(-0.0183538 0.0003507 0)
(-0.0187095 -2.1356e-05 0)
(-0.0179161 -0.000441601 0)
(-0.0159489 -0.000848375 0)
(-0.0129665 -0.00116248 0)
(-0.00933247 -0.00130368 0)
(-0.00558354 -0.00121569 0)
(-0.00233525 -0.00089195 0)
(-0.000135802 -0.000394409 0)
(0.000716452 0.000130618 0)
(0.000395088 0.000375949 0)
(-0.000140986 -7.80311e-05 0)
(-0.00190013 0.00181334 0)
(-0.00621854 0.00365745 0)
(-0.0122858 0.00489413 0)
(-0.0193498 0.00552913 0)
(-0.0267668 0.00565196 0)
(-0.0339372 0.0053185 0)
(-0.0402838 0.00453799 0)
(-0.0452367 0.00330081 0)
(-0.048251 0.00162458 0)
(-0.0488701 -0.00040139 0)
(-0.046817 -0.00258831 0)
(-0.0421024 -0.00464483 0)
(-0.0351114 -0.00621543 0)
(-0.0266244 -0.006955 0)
(-0.0177521 -0.00663246 0)
(-0.00975495 -0.00523705 0)
(-0.00375725 -0.003051 0)
(-0.000427127 -0.000686829 0)
(0.000262549 0.000750654 0)
(-0.000666667 0.00144097 0)
(-0.00426787 0.00628666 0)
(-0.011582 0.010502 0)
(-0.0211533 0.0133095 0)
(-0.0319058 0.0147057 0)
(-0.0429807 0.0148286 0)
(-0.0535519 0.0137729 0)
(-0.0628117 0.0115668 0)
(-0.0699733 0.00822722 0)
(-0.0743034 0.00384982 0)
(-0.0752025 -0.00130661 0)
(-0.072316 -0.00676946 0)
(-0.0656579 -0.011861 0)
(-0.0557122 -0.0157758 0)
(-0.0434747 -0.0177391 0)
(-0.0303948 -0.0172278 0)
(-0.0181718 -0.0142043 0)
(-0.00840011 -0.00927912 0)
(-0.00221459 -0.00375421 0)
(-6.20116e-05 0.000273598 0)
(-0.00115107 0.00426427 0)
(-0.00652377 0.0133622 0)
(-0.0167242 0.0205698 0)
(-0.0295638 0.0252115 0)
(-0.0436373 0.0273924 0)
(-0.0579283 0.0273391 0)
(-0.0714691 0.0251962 0)
(-0.0833121 0.0210182 0)
(-0.0925347 0.0148631 0)
(-0.0982731 0.00692965 0)
(-0.0998033 -0.00231919 0)
(-0.0966558 -0.0120849 0)
(-0.0887501 -0.0212376 0)
(-0.0765276 -0.0284325 0)
(-0.0610427 -0.0323437 0)
(-0.0439654 -0.0320154 0)
(-0.0274059 -0.027265 0)
(-0.0135201 -0.0189909 0)
(-0.00411297 -0.00923993 0)
(-0.000363469 -0.00115819 0)
(-0.00157135 0.00826294 0)
(-0.00854157 0.0228276 0)
(-0.0213821 0.0335576 0)
(-0.0371957 0.0401953 0)
(-0.054268 0.0431213 0)
(-0.0714683 0.0427253 0)
(-0.0877509 0.0392282 0)
(-0.102099 0.032715 0)
(-0.113512 0.0232793 0)
(-0.121025 0.0112098 0)
(-0.123777 -0.00284508 0)
(-0.121113 -0.0177748 0)
(-0.112734 -0.0319892 0)
(-0.0988783 -0.043541 0)
(-0.0804986 -0.0504104 0)
(-0.0593787 -0.0509889 0)
(-0.0380535 -0.0447053 0)
(-0.0194089 -0.032581 0)
(-0.00620867 -0.0174142 0)
(-0.000651226 -0.00357373 0)
(-0.00192132 0.0132851 0)
(-0.0102557 0.0344217 0)
(-0.0253816 0.0491742 0)
(-0.0437876 0.0579701 0)
(-0.0634984 0.0616338 0)
(-0.0833129 0.0608078 0)
(-0.102164 0.0558249 0)
(-0.119024 0.0468011 0)
(-0.132865 0.0338401 0)
(-0.142646 0.0172707 0)
(-0.147351 -0.00213974 0)
(-0.146071 -0.0230287 0)
(-0.138168 -0.0433892 0)
(-0.123503 -0.0606281 0)
(-0.102727 -0.0718628 0)
(-0.0775724 -0.074519 0)
(-0.0509542 -0.0672359 0)
(-0.0266544 -0.0508328 0)
(-0.00877964 -0.0288146 0)
(-0.000989519 -0.00710082 0)
(-0.00219003 0.0191463 0)
(-0.0115988 0.047788 0)
(-0.0285536 0.0670074 0)
(-0.0490599 0.0781321 0)
(-0.0709463 0.0825818 0)
(-0.0929867 0.0813435 0)
(-0.114145 0.0749026 0)
(-0.133441 0.0634042 0)
(-0.149875 0.0469216 0)
(-0.162366 0.0257478 0)
(-0.169747 0.000661402 0)
(-0.170832 -0.02685 0)
(-0.164555 -0.05445 0)
(-0.150225 -0.0789122 0)
(-0.127952 -0.0963427 0)
(-0.0991412 -0.102827 0)
(-0.0668901 -0.0956333 0)
(-0.0359342 -0.0747902 0)
(-0.0121814 -0.0442947 0)
(-0.00146181 -0.0120466 0)
(-0.00236312 0.025624 0)
(-0.0125008 0.0624819 0)
(-0.0307273 0.0865256 0)
(-0.0527109 0.100139 0)
(-0.0761516 0.105465 0)
(-0.0998406 0.103925 0)
(-0.122822 0.0962006 0)
(-0.144224 0.0824685 0)
(-0.163139 0.0627278 0)
(-0.178516 0.0371454 0)
(-0.189104 0.0063755 0)
(-0.193465 -0.0281431 0)
(-0.190078 -0.0639046 0)
(-0.17759 -0.0971618 0)
(-0.155311 -0.122956 0)
(-0.123927 -0.13568 0)
(-0.0862835 -0.13049 0)
(-0.0478682 -0.105654 0)
(-0.0168124 -0.0650418 0)
(-0.00217034 -0.0189265 0)
(-0.00242977 0.0324589 0)
(-0.0129088 0.0779813 0)
(-0.0317648 0.107082 0)
(-0.0544666 0.123291 0)
(-0.0786447 0.12958 0)
(-0.103142 0.127888 0)
(-0.12713 0.119151 0)
(-0.149905 0.103588 0)
(-0.170734 0.0810934 0)
(-0.188698 0.0516226 0)
(-0.202582 0.0155642 0)
(-0.210813 -0.0258831 0)
(-0.211502 -0.0702908 0)
(-0.202622 -0.113645 0)
(-0.182477 -0.150054 0)
(-0.150577 -0.17202 0)
(-0.108828 -0.17181 0)
(-0.06284 -0.144519 0)
(-0.0230988 -0.0925203 0)
(-0.0032493 -0.028487 0)
(-0.00239422 0.0393725 0)
(-0.0128264 0.0937164 0)
(-0.0316303 0.127931 0)
(-0.0541782 0.146723 0)
(-0.0780739 0.153976 0)
(-0.102242 0.152242 0)
(-0.126025 0.142772 0)
(-0.148949 0.125867 0)
(-0.170545 0.10131 0)
(-0.190153 0.0687929 0)
(-0.206763 0.0283237 0)
(-0.218866 -0.0193409 0)
(-0.224425 -0.0721503 0)
(-0.220883 -0.126223 0)
(-0.205484 -0.175121 0)
(-0.17617 -0.209599 0)
(-0.13306 -0.218464 0)
(-0.0807278 -0.191902 0)
(-0.0314635 -0.128305 0)
(-0.00488769 -0.0417348 0)
(-0.00229178 0.0461123 0)
(-0.0123664 0.109137 0)
(-0.0304829 0.148281 0)
(-0.05195 0.169424 0)
(-0.074373 0.177458 0)
(-0.0967956 0.175642 0)
(-0.118778 0.165629 0)
(-0.140141 0.147856 0)
(-0.160763 0.122026 0)
(-0.180374 0.0875692 0)
(-0.198355 0.0440588 0)
(-0.213512 -0.00834803 0)
(-0.223989 -0.0683748 0)
(-0.22702 -0.132673 0)
(-0.218989 -0.194942 0)
(-0.196126 -0.244816 0)
(-0.155977 -0.267633 0)
(-0.100518 -0.247042 0)
(-0.0422319 -0.173735 0)
(-0.0073546 -0.0599701 0)
(-0.00221195 0.0525335 0)
(-0.0118192 0.123829 0)
(-0.0287853 0.167383 0)
(-0.0482752 0.1903 0)
(-0.0679249 0.198627 0)
(-0.0869712 0.196445 0)
(-0.105266 0.185889 0)
(-0.122988 0.167602 0)
(-0.140428 0.141273 0)
(-0.157795 0.106113 0)
(-0.175021 0.0612664 0)
(-0.191559 0.00621358 0)
(-0.206007 -0.0587026 0)
(-0.215807 -0.131248 0)
(-0.217071 -0.206115 0)
(-0.204586 -0.272948 0)
(-0.172919 -0.314496 0)
(-0.119874 -0.307092 0)
(-0.0554053 -0.229292 0)
(-0.0110067 -0.0847948 0)
(-0.00233797 0.0587329 0)
(-0.0117484 0.137679 0)
(-0.0274194 0.184643 0)
(-0.0441426 0.20825 0)
(-0.0596601 0.215959 0)
(-0.0735639 0.212803 0)
(-0.0861233 0.201459 0)
(-0.0979454 0.182831 0)
(-0.109783 0.156657 0)
(-0.122368 0.122013 0)
(-0.136256 0.0776883 0)
(-0.151626 0.0225402 0)
(-0.167911 -0.044026 0)
(-0.183353 -0.121341 0)
(-0.194447 -0.205919 0)
(-0.195335 -0.288931 0)
(-0.177927 -0.352474 0)
(-0.134848 -0.366469 0)
(-0.070235 -0.29362 0)
(-0.0162268 -0.118 0)
(-0.00302365 0.0652711 0)
(-0.0131378 0.151083 0)
(-0.0277957 0.199719 0)
(-0.041052 0.222195 0)
(-0.0509798 0.227848 0)
(-0.0578507 0.222764 0)
(-0.0625534 0.210156 0)
(-0.0662121 0.191177 0)
(-0.0700527 0.165648 0)
(-0.0753037 0.132589 0)
(-0.0831073 0.0905804 0)
(-0.0943822 0.038019 0)
(-0.109545 -0.0265736 0)
(-0.128047 -0.104049 0)
(-0.147598 -0.193316 0)
(-0.162932 -0.28862 0)
(-0.164515 -0.374237 0)
(-0.139921 -0.416838 0)
(-0.0845807 -0.362303 0)
(-0.0231898 -0.161133 0)
(-0.004938 0.0735614 0)
(-0.0176109 0.165169 0)
(-0.0318778 0.212482 0)
(-0.0407501 0.230974 0)
(-0.0432436 0.232531 0)
(-0.0408866 0.224273 0)
(-0.0354677 0.209785 0)
(-0.0287193 0.190347 0)
(-0.0223197 0.165815 0)
(-0.0179055 0.135199 0)
(-0.0170821 0.0969953 0)
(-0.0213882 0.0493706 0)
(-0.0321597 -0.00970707 0)
(-0.050193 -0.0822776 0)
(-0.0750379 -0.169629 0)
(-0.103416 -0.270115 0)
(-0.126421 -0.373319 0)
(-0.12823 -0.448066 0)
(-0.0941377 -0.427035 0)
(-0.0312762 -0.214738 0)
(-0.00927041 0.0866015 0)
(-0.0275879 0.181892 0)
(-0.0416667 0.222667 0)
(-0.043951 0.232934 0)
(-0.0359384 0.227774 0)
(-0.0213086 0.214969 0)
(-0.00303911 0.198047 0)
(0.016493 0.178129 0)
(0.0352347 0.154964 0)
(0.0512854 0.127529 0)
(0.0627603 0.0943299 0)
(0.0677147 0.0535336 0)
(0.0641164 0.00296983 0)
(0.0500102 -0.0599735 0)
(0.0238842 -0.138267 0)
(-0.0139699 -0.234365 0)
(-0.0577823 -0.345586 0)
(-0.0916627 -0.449784 0)
(-0.091799 -0.475843 0)
(-0.0379667 -0.277865 0)
(-0.0177333 0.110461 0)
(-0.0454328 0.203173 0)
(-0.0560512 0.228108 0)
(-0.0453603 0.22433 0)
(-0.0208186 0.209685 0)
(0.0107993 0.191385 0)
(0.045353 0.172055 0)
(0.0800521 0.152164 0)
(0.112737 0.131125 0)
(0.14151 0.107812 0)
(0.164472 0.080811 0)
(0.179548 0.0484725 0)
(0.184316 0.00885514 0)
(0.176085 -0.0405379 0)
(0.151826 -0.103187 0)
(0.108822 -0.184331 0)
(0.0477419 -0.28953 0)
(-0.0203886 -0.412218 0)
(-0.0674406 -0.4931 0)
(-0.0372274 -0.346253 0)
(-0.0307489 0.156309 0)
(-0.0670636 0.225344 0)
(-0.0569559 0.217219 0)
(-0.017372 0.193845 0)
(0.0336182 0.169576 0)
(0.0875666 0.147406 0)
(0.140673 0.127755 0)
(0.19075 0.109964 0)
(0.236259 0.0929291 0)
(0.275846 0.0754286 0)
(0.30802 0.05622 0)
(0.330947 0.0340151 0)
(0.342191 0.00737291 0)
(0.338896 -0.0255161 0)
(0.317203 -0.0674631 0)
(0.272282 -0.124063 0)
(0.199631 -0.206391 0)
(0.0996853 -0.326909 0)
(-0.00554772 -0.45641 0)
(-0.0154146 -0.398651 0)
(-0.0282182 0.226635 0)
(-0.0421572 0.223715 0)
(0.0373211 0.165986 0)
(0.126877 0.128022 0)
(0.208084 0.102046 0)
(0.280393 0.082571 0)
(0.344617 0.0675772 0)
(0.401079 0.0555826 0)
(0.449892 0.0452475 0)
(0.490892 0.0354689 0)
(0.523456 0.0253456 0)
(0.546407 0.0140928 0)
(0.557796 0.000948151 0)
(0.555307 -0.0147858 0)
(0.535109 -0.0348326 0)
(0.491698 -0.0625496 0)
(0.416735 -0.107498 0)
(0.297084 -0.193979 0)
(0.132817 -0.333142 0)
(0.0673675 -0.369488 0)
(0.261528 0.137409 0)
(0.324151 0.11813 0)
(0.455394 0.0773877 0)
(0.560474 0.0519894 0)
(0.63313 0.0365348 0)
(0.686884 0.026352 0)
(0.729305 0.0194172 0)
(0.763464 0.0145523 0)
(0.790879 0.0109014 0)
(0.812335 0.00785754 0)
(0.828006 0.00499528 0)
(0.837553 0.0020098 0)
(0.840203 -0.00134868 0)
(0.834636 -0.00510607 0)
(0.818622 -0.00985094 0)
(0.788856 -0.0164416 0)
(0.737913 -0.0273951 0)
(0.647985 -0.0517996 0)
(0.474696 -0.11139 0)
(0.341588 -0.155793 0)
)
;

boundaryField
{
    movingWall
    {
        type            fixedValue;
        value           uniform (1 0 0);
    }
    fixedWalls
    {
        type            noSlip;
    }
    frontAndBack
    {
        type            empty;
    }
}


// ************************************************************************* //
