/*--------------------------------*- C++ -*----------------------------------*\
| =========                 |                                                 |
| \\      /  F ield         | OpenFOAM: The Open Source CFD Toolbox           |
|  \\    /   O peration     | Version:  2606                                  |
|   \\  /    A nd           | Website:  www.openfoam.com                      |
|    \\/     M anipulation  |                                                 |
\*---------------------------------------------------------------------------*/
FoamFile
{
    version     2.0;
    format      ascii;
    arch        "LSB;label=32;scalar=64";
    class       volScalarField;
    location    "0.8";
    object      p;
}
// * * * * * * * * * * * * * * * * * * * * * * * * * * * * * * * * * * * * * //

dimensions      [0 2 -2 0 0 0 0];

internalField   nonuniform List<scalar> 
400
(
8.2934e-09
-0.000613065
-0.00130259
-0.00182841
-0.00207217
-0.00198069
-0.00153219
-0.000720646
0.000440085
0.00190105
0.00356294
0.00526836
0.00681596
0.00799065
0.00861601
0.00861237
0.00804161
0.00711859
0.00618442
0.0056314
0.000607178
-3.23536e-05
-0.000566189
-0.000922505
-0.00106916
-0.000972215
-0.000610622
2.66945e-05
0.000935978
0.00208502
0.00339964
0.00476099
0.00600589
0.00696098
0.00748318
0.00750824
0.00708611
0.00638453
0.0056441
0.00508461
0.00133814
0.000454239
-0.000109907
-0.000425571
-0.000556771
-0.00049572
-0.000226166
0.000269581
0.00100326
0.00196381
0.00310031
0.00431185
0.00545049
0.00634602
0.00684815
0.00687732
0.00646461
0.0057533
0.00492375
0.00412852
0.00188929
0.000690586
1.05201e-05
-0.000341578
-0.000518135
-0.000535056
-0.000378708
-2.076e-05
0.000571375
0.00141207
0.00247364
0.0036694
0.00484973
0.00582421
0.00640584
0.00647161
0.00601832
0.00517344
0.00409068
0.00290205
0.00201101
0.000505915
-0.000310347
-0.000736168
-0.00100187
-0.00114073
-0.00113614
-0.00094324
-0.000502102
0.000233905
0.00126645
0.00252924
0.00386715
0.00505795
0.00585464
0.00605927
0.00560584
0.0045956
0.00317008
0.00147471
0.00148906
-0.000286527
-0.00124112
-0.00176947
-0.00216827
-0.00248189
-0.00268506
-0.00271031
-0.00246289
-0.0018537
-0.000839253
0.000551396
0.00216237
0.003737
0.00494606
0.0054755
0.00514876
0.00400772
0.00217639
-0.00015772
0.000144918
-0.00185158
-0.00293987
-0.00359876
-0.00418005
-0.00473492
-0.00522574
-0.00555769
-0.0055932
-0.00518548
-0.00422292
-0.00269599
-0.000714277
0.00143701
0.00332878
0.00448018
0.00452979
0.00338998
0.00112519
-0.00201858
-0.00216062
-0.00431951
-0.00553315
-0.00635082
-0.00716939
-0.00804588
-0.0089303
-0.00969843
-0.0101633
-0.0101069
-0.00932867
-0.00771706
-0.00531533
-0.00239719
0.000512438
0.00271596
0.00356426
0.00271463
6.36909e-05
-0.0040974
-0.00551722
-0.00777514
-0.00910138
-0.0101011
-0.011209
-0.0124917
-0.0138915
-0.0152576
-0.0163508
-0.0168696
-0.0164951
-0.0149688
-0.0122
-0.00838496
-0.00410345
-0.000294688
0.00198706
0.00195082
-0.000891413
-0.00628849
-0.00995361
-0.0122476
-0.0136627
-0.0148473
-0.0162733
-0.0180268
-0.0200529
-0.0221821
-0.024127
-0.0254964
-0.0258279
-0.0246662
-0.0217343
-0.0170323
-0.0110993
-0.00507971
-0.000523543
0.0010813
-0.00150386
-0.00830081
-0.0154338
-0.017709
-0.0191639
-0.0204877
-0.0222027
-0.0244333
-0.0271426
-0.030155
-0.0331436
-0.0356296
-0.0369954
-0.0365412
-0.0338177
-0.0284349
-0.0207575
-0.0120063
-0.00422051
0.000170975
-0.00133951
-0.00951122
-0.0218712
-0.0240896
-0.0254852
-0.0268123
-0.0286844
-0.0312945
-0.0346417
-0.0385571
-0.0426836
-0.0464635
-0.0491542
-0.0498936
-0.0476671
-0.0419454
-0.0326782
-0.0209131
-0.00900673
-0.000457824
0.000368572
-0.00872645
-0.0291737
-0.0313175
-0.032461
-0.0335098
-0.0352579
-0.0380089
-0.0418133
-0.0465127
-0.0517237
-0.0568174
-0.060917
-0.0629346
-0.0616407
-0.0559931
-0.0454734
-0.0307081
-0.0140339
8.63348e-05
0.00496252
-0.00382016
-0.0373455
-0.0393888
-0.039911
-0.0401848
-0.0413458
-0.0438526
-0.0478052
-0.0530417
-0.0591372
-0.0653861
-0.0707865
-0.0740589
-0.0737243
-0.0683265
-0.0568209
-0.0392088
-0.0173903
0.00361752
0.0147238
0.00872101
-0.0467018
-0.0484765
-0.0476639
-0.0463723
-0.0463044
-0.0480785
-0.0518027
-0.0572653
-0.0639579
-0.0710681
-0.0774582
-0.0816682
-0.0819801
-0.0765926
-0.0639807
-0.0434657
-0.0161704
0.0130094
0.0331395
0.0340322
-0.0583435
-0.0591011
-0.0555459
-0.0515368
-0.0494861
-0.0500377
-0.0531925
-0.0586055
-0.065612
-0.0732433
-0.0801899
-0.0847963
-0.0851109
-0.0790139
-0.0645685
-0.0404874
-0.00698296
0.0319681
0.0647272
0.0785002
-0.07531
-0.0724453
-0.0634433
-0.0551992
-0.0504178
-0.0493712
-0.0517482
-0.0569376
-0.0640425
-0.071875
-0.0789156
-0.0832852
-0.0827774
-0.0749216
-0.0573487
-0.0281901
0.0132038
0.0645378
0.114914
0.150927
-0.10623
-0.0906578
-0.0713939
-0.057134
-0.0489421
-0.0460825
-0.0476516
-0.0525976
-0.0596916
-0.0674897
-0.0742546
-0.0778844
-0.0759062
-0.0654441
-0.0435754
-0.00748651
0.0448521
0.112964
0.190801
0.271316
-0.177891
-0.114275
-0.0746981
-0.0532958
-0.0422058
-0.0382461
-0.0397053
-0.0449605
-0.0524033
-0.060382
-0.067034
-0.0701419
-0.0670531
-0.0545306
-0.0291183
0.0135072
0.0783526
0.170946
0.298677
0.472906
-0.344666
-0.13554
-0.0554527
-0.0319854
-0.0231344
-0.0212313
-0.0247955
-0.032009
-0.0410559
-0.0502702
-0.0578564
-0.0616791
-0.0592207
-0.0475141
-0.0221604
0.0219726
0.0937011
0.210955
0.408984
0.738274
)
;

boundaryField
{
    movingWall
    {
        type            zeroGradient;
    }
    fixedWalls
    {
        type            zeroGradient;
    }
    frontAndBack
    {
        type            empty;
    }
}


// ************************************************************************* //
