/*--------------------------------*- C++ -*----------------------------------*\
| =========                 |                                                 |
| \\      /  F ield         | OpenFOAM: The Open Source CFD Toolbox           |
|  \\    /   O peration     | Version:  2606                                  |
|   \\  /    A nd           | Website:  www.openfoam.com                      |
|    \\/     M anipulation  |                                                 |
\*---------------------------------------------------------------------------*/
FoamFile
{
    version     2.0;
    format      ascii;
    arch        "LSB;label=32;scalar=64";
    class       surfaceScalarField;
    location    "0.8";
    object      phi;
}
// * * * * * * * * * * * * * * * * * * * * * * * * * * * * * * * * * * * * * //

dimensions      [0 3 -1 0 0 0 0];

oriented        oriented;

internalField   nonuniform List<scalar> 
760
(
1.17688e-08
-1.17696e-08
-2.89251e-08
4.06941e-08
-1.20867e-07
9.19418e-08
-2.46289e-07
1.25422e-07
-3.88599e-07
1.4231e-07
-5.34351e-07
1.45752e-07
-6.71887e-07
1.37536e-07
-7.89781e-07
1.17894e-07
-8.76131e-07
8.63506e-08
-9.19211e-07
4.30794e-08
-9.09281e-07
-9.93017e-09
-8.4161e-07
-6.76702e-08
-7.19136e-07
-1.22474e-07
-5.5458e-07
-1.64556e-07
-3.70263e-07
-1.84317e-07
-1.95076e-07
-1.75186e-07
-5.84773e-08
-1.36599e-07
1.76421e-08
-7.61195e-08
2.86566e-08
-1.10145e-08
2.86565e-08
-4.24118e-08
3.06424e-08
-1.99837e-07
1.9812e-07
-4.57094e-07
3.49199e-07
-7.81461e-07
4.49789e-07
-1.13938e-06
5.00233e-07
-1.49994e-06
5.06308e-07
-1.83426e-06
4.71854e-07
-2.11421e-06
3.97847e-07
-2.31231e-06
2.84451e-07
-2.40364e-06
1.34409e-07
-2.36993e-06
-4.36366e-08
-2.20391e-06
-2.33693e-07
-1.91503e-06
-4.11357e-07
-1.53174e-06
-5.47842e-07
-1.10084e-06
-6.15222e-07
-6.81394e-07
-5.94631e-07
-3.33245e-07
-4.84749e-07
-1.01769e-07
-3.07595e-07
-2.36934e-09
-1.10414e-07
2.62873e-08
-1.07605e-07
1.38248e-07
-3.92443e-07
4.82958e-07
-8.09138e-07
7.65894e-07
-1.30977e-06
9.50419e-07
-1.84865e-06
1.03912e-06
-2.3834e-06
1.04106e-06
-2.87378e-06
9.62232e-07
-3.28062e-06
8.04684e-07
-3.56638e-06
5.70207e-07
-3.69792e-06
2.65953e-07
-3.65127e-06
-9.02839e-08
-3.41738e-06
-4.67581e-07
-3.00798e-06
-8.20761e-07
-2.45923e-06
-1.09659e-06
-1.8316e-06
-1.24286e-06
-1.20352e-06
-1.22271e-06
-6.57804e-07
-1.03046e-06
-2.62127e-07
-7.03273e-07
-4.86346e-08
-3.23906e-07
-2.2347e-08
-1.68609e-07
3.06856e-07
-5.76329e-07
8.90679e-07
-1.14421e-06
1.33378e-06
-1.8064e-06
1.61261e-06
-2.50645e-06
1.73917e-06
-3.19407e-06
1.72868e-06
-3.82196e-06
1.59013e-06
-4.34416e-06
1.32688e-06
-4.71646e-06
9.42508e-07
-4.89932e-06
4.48811e-07
-4.8627e-06
-1.26896e-07
-4.59222e-06
-7.38064e-07
-4.09608e-06
-1.31691e-06
-3.41073e-06
-1.78194e-06
-2.6035e-06
-2.05008e-06
-1.76864e-06
-2.05756e-06
-1.01371e-06
-1.78539e-06
-4.36207e-07
-1.28078e-06
-9.67066e-08
-6.63406e-07
-1.19054e-07
-2.22758e-07
5.29615e-07
-7.42465e-07
1.41039e-06
-1.44849e-06
2.0398e-06
-2.25743e-06
2.42154e-06
-3.10352e-06
2.58526e-06
-3.93119e-06
2.55634e-06
-4.68941e-06
2.34834e-06
-5.32852e-06
1.96599e-06
-5.79984e-06
1.41383e-06
-6.05776e-06
7.06725e-07
-6.06428e-06
-1.20369e-07
-5.79467e-06
-1.00768e-06
-5.24671e-06
-1.86487e-06
-4.44911e-06
-2.57954e-06
-3.46937e-06
-3.02983e-06
-2.41525e-06
-3.11168e-06
-1.42377e-06
-2.77688e-06
-6.33783e-07
-2.07077e-06
-1.47901e-07
-1.14929e-06
-2.66955e-07
-2.68816e-07
7.9843e-07
-8.85265e-07
2.02683e-06
-1.71174e-06
2.86628e-06
-2.6497e-06
3.35951e-06
-3.62617e-06
3.56173e-06
-4.5828e-06
3.51297e-06
-5.46764e-06
3.23319e-06
-6.23007e-06
2.72842e-06
-6.8187e-06
2.00247e-06
-7.18199e-06
1.07002e-06
-7.27223e-06
-3.01255e-08
-7.04924e-06
-1.23067e-06
-6.4933e-06
-2.42081e-06
-5.61597e-06
-3.45687e-06
-4.47572e-06
-4.17008e-06
-3.18856e-06
-4.39884e-06
-1.92418e-06
-4.04126e-06
-8.76656e-07
-3.11829e-06
-2.09937e-07
-1.81601e-06
-4.76892e-07
-3.05183e-07
1.10361e-06
-9.99092e-07
2.72074e-06
-1.92321e-06
3.7904e-06
-2.96733e-06
4.40363e-06
-4.05373e-06
4.64813e-06
-5.12378e-06
4.58302e-06
-6.12735e-06
4.23675e-06
-7.01555e-06
3.61662e-06
-7.73668e-06
2.72359e-06
-8.23482e-06
1.56816e-06
-8.45025e-06
1.85296e-07
-8.32721e-06
-1.35371e-06
-7.82029e-06
-2.92772e-06
-6.9139e-06
-4.36326e-06
-5.64445e-06
-5.43953e-06
-4.12423e-06
-5.91905e-06
-2.55233e-06
-5.61316e-06
-1.19093e-06
-4.47969e-06
-2.92406e-07
-2.71453e-06
-7.69298e-07
-3.29986e-07
1.4336e-06
-1.07806e-06
3.46881e-06
-2.07138e-06
4.78372e-06
-3.19168e-06
5.52393e-06
-4.35894e-06
5.81539e-06
-5.51663e-06
5.7407e-06
-6.61912e-06
5.33925e-06
-7.62245e-06
4.61995e-06
-8.47787e-06
3.57901e-06
-9.12802e-06
2.21831e-06
-9.50538e-06
5.62654e-07
-9.53601e-06
-1.32307e-06
-9.14727e-06
-3.31647e-06
-8.28664e-06
-5.22389e-06
-6.95191e-06
-6.77426e-06
-5.23075e-06
-7.64022e-06
-3.33588e-06
-7.50803e-06
-1.60272e-06
-6.21285e-06
-4.06058e-07
-3.91119e-06
-1.17536e-06
-3.41714e-07
1.77531e-06
-1.11739e-06
4.24449e-06
-2.14601e-06
5.81233e-06
-3.30423e-06
6.68215e-06
-4.51183e-06
7.02299e-06
-5.71646e-06
6.94534e-06
-6.87974e-06
6.50253e-06
-7.96611e-06
5.70631e-06
-8.9344e-06
4.5473e-06
-9.73144e-06
3.01535e-06
-1.02877e-05
1.11887e-06
-1.05165e-05
-1.09426e-06
-1.03197e-05
-3.51325e-06
-9.60265e-06
-5.94093e-06
-8.30777e-06
-8.06914e-06
-6.46892e-06
-9.47907e-06
-4.27925e-06
-9.69769e-06
-2.13374e-06
-8.35837e-06
-5.62899e-07
-5.48203e-06
-1.73826e-06
-3.40356e-07
2.11567e-06
-1.11617e-06
5.02031e-06
-2.14232e-06
6.83848e-06
-3.29221e-06
7.83205e-06
-4.48701e-06
8.21778e-06
-5.6805e-06
8.13883e-06
-6.84416e-06
7.6662e-06
-7.95467e-06
6.81682e-06
-8.9838e-06
5.57643e-06
-9.89007e-06
3.92163e-06
-1.06112e-05
1.84004e-06
-1.10571e-05
-6.48362e-07
-1.11158e-05
-3.4546e-06
-1.06516e-05
-6.40516e-06
-9.54052e-06
-9.18017e-06
-7.73118e-06
-1.12884e-05
-5.34607e-06
-1.20828e-05
-2.79435e-06
-1.09101e-05
-7.76474e-07
-7.4999e-06
-2.51473e-06
-3.28974e-07
2.44464e-06
-1.08103e-06
5.77237e-06
-2.0666e-06
7.82404e-06
-3.15597e-06
8.92143e-06
-4.27328e-06
9.33509e-06
-5.38072e-06
9.24627e-06
-6.46243e-06
8.7479e-06
-7.51096e-06
7.86534e-06
-8.51639e-06
6.58187e-06
-9.45674e-06
4.86198e-06
-1.02898e-05
2.67306e-06
-1.09306e-05
-7.56908e-09
-1.12781e-05
-3.10704e-06
-1.11635e-05
-6.51975e-06
-1.04003e-05
-9.94344e-06
-8.82821e-06
-1.28605e-05
-6.43896e-06
-1.4472e-05
-3.57152e-06
-1.37775e-05
-1.06143e-06
-1.001e-05
-3.57616e-06
-3.15834e-07
2.76048e-06
-1.03077e-06
6.48731e-06
-1.94243e-06
8.7357e-06
-2.91656e-06
9.89556e-06
-3.88313e-06
1.03017e-05
-4.81656e-06
1.01797e-05
-5.71694e-06
9.64828e-06
-6.59597e-06
8.74437e-06
-7.46616e-06
7.45206e-06
-8.33121e-06
5.72703e-06
-9.17419e-06
3.51604e-06
-9.95627e-06
7.74512e-07
-1.0567e-05
-2.4963e-06
-1.08552e-05
-6.23161e-06
-1.05879e-05
-1.02107e-05
-9.49425e-06
-1.39541e-05
-7.3839e-06
-1.65824e-05
-4.41074e-06
-1.67507e-05
-1.43068e-06
-1.299e-05
-5.00685e-06
-3.17678e-07
3.07815e-06
-1.00197e-06
7.1716e-06
-1.81646e-06
9.55019e-06
-2.6209e-06
1.07e-05
-3.35808e-06
1.10388e-05
-4.02166e-06
1.08433e-05
-4.63259e-06
1.02592e-05
-5.22462e-06
9.3364e-06
-5.83486e-06
8.0623e-06
-6.49571e-06
6.38789e-06
-7.22591e-06
4.24623e-06
-8.01933e-06
1.56793e-06
-8.81714e-06
-1.69848e-06
-9.49205e-06
-5.5567e-06
-9.80931e-06
-9.89348e-06
-9.41856e-06
-1.43448e-05
-7.92991e-06
-1.8071e-05
-5.19536e-06
-1.94853e-05
-1.88686e-06
-1.62985e-05
-6.89371e-06
-3.65478e-07
3.44363e-06
-1.05589e-06
7.86202e-06
-1.76159e-06
1.02559e-05
-2.34023e-06
1.12786e-05
-2.76314e-06
1.14617e-05
-3.05579e-06
1.11359e-05
-3.26687e-06
1.04703e-05
-3.4547e-06
9.52423e-06
-3.68058e-06
8.28817e-06
-4.00418e-06
6.71149e-06
-4.47795e-06
4.72e-06
-5.13734e-06
2.22732e-06
-5.98135e-06
-8.54476e-07
-6.94256e-06
-4.59548e-06
-7.83519e-06
-9.00086e-06
-8.29458e-06
-1.38854e-05
-7.76805e-06
-1.85976e-05
-5.72944e-06
-2.15239e-05
-2.40344e-06
-1.96245e-05
-9.29715e-06
-5.14802e-07
3.95843e-06
-1.2853e-06
8.63251e-06
-1.87037e-06
1.0841e-05
-2.15004e-06
1.15583e-05
-2.15622e-06
1.14679e-05
-1.96564e-06
1.09454e-05
-1.66346e-06
1.01681e-05
-1.33439e-06
9.19517e-06
-1.06118e-06
8.01497e-06
-9.25479e-07
6.57579e-06
-1.0069e-06
4.80142e-06
-1.37908e-06
2.59951e-06
-2.09845e-06
-1.35106e-07
-3.17709e-06
-3.51685e-06
-4.52749e-06
-7.65046e-06
-5.85938e-06
-1.25535e-05
-6.55745e-06
-1.78995e-05
-5.7258e-06
-2.23555e-05
-2.89134e-06
-2.2459e-05
-1.21885e-05
-8.60108e-07
4.81854e-06
-1.80628e-06
9.57869e-06
-2.20788e-06
1.12425e-05
-2.05112e-06
1.14016e-05
-1.48691e-06
1.09037e-05
-6.68519e-07
1.0127e-05
2.74516e-07
9.22507e-06
1.23271e-06
8.23697e-06
2.10702e-06
7.14066e-06
2.80215e-06
5.88066e-06
3.22096e-06
4.38261e-06
3.26229e-06
2.55818e-06
2.82255e-06
3.04627e-07
1.8131e-06
-2.50739e-06
1.97743e-07
-6.0351e-06
-1.89185e-06
-1.04639e-05
-3.93622e-06
-1.58551e-05
-4.79255e-06
-2.14992e-05
-3.15578e-06
-2.40958e-05
-1.53443e-05
-1.53351e-06
6.35205e-06
-2.65414e-06
1.06993e-05
-2.60349e-06
1.11919e-05
-1.69828e-06
1.04964e-05
-2.96995e-07
9.50242e-06
1.35247e-06
8.4775e-06
3.0816e-06
7.49594e-06
4.76722e-06
6.55135e-06
6.30837e-06
5.59951e-06
7.6096e-06
4.57943e-06
8.57003e-06
3.42218e-06
9.07603e-06
2.05218e-06
8.99447e-06
3.86191e-07
8.18125e-06
-1.69418e-06
6.48749e-06
-4.34134e-06
3.84661e-06
-7.82306e-06
5.29412e-07
-1.25379e-05
-2.40104e-06
-1.85687e-05
-2.86505e-06
-2.36318e-05
-1.82093e-05
-2.59012e-06
8.94217e-06
-3.23737e-06
1.13466e-05
-1.89098e-06
9.8455e-06
3.9064e-07
8.21474e-06
3.00664e-06
6.88641e-06
5.67613e-06
5.80801e-06
8.25145e-06
4.92063e-06
1.06402e-05
4.16259e-06
1.27709e-05
3.46877e-06
1.45722e-05
2.77812e-06
1.59595e-05
2.0349e-06
1.68258e-05
1.18593e-06
1.70319e-05
1.80075e-07
1.64124e-05
-1.07467e-06
1.47413e-05
-2.67026e-06
1.17686e-05
-4.85033e-06
7.37331e-06
-8.14267e-06
2.23876e-06
-1.34342e-05
-1.20734e-06
-2.01857e-05
-1.94167e-05
-2.63018e-06
1.15724e-05
-7.12341e-08
8.78762e-06
4.22012e-06
5.55415e-06
8.4133e-06
4.02157e-06
1.22205e-05
3.0792e-06
1.56244e-05
2.40412e-06
1.86345e-05
1.91053e-06
2.12623e-05
1.53475e-06
2.35088e-05
1.22229e-06
2.5354e-05
9.32927e-07
2.67518e-05
6.37135e-07
2.76242e-05
3.13509e-07
2.78557e-05
-5.13853e-08
2.7308e-05
-5.26991e-07
2.57339e-05
-1.09615e-06
2.27869e-05
-1.9033e-06
1.79531e-05
-3.30888e-06
1.0917e-05
-6.39815e-06
3.17998e-06
-1.24486e-05
-1.62367e-05
1.15724e-05
2.036e-05
2.59141e-05
2.99357e-05
3.30149e-05
3.5419e-05
3.73295e-05
3.88643e-05
4.00866e-05
4.10195e-05
4.16566e-05
4.19701e-05
4.19188e-05
4.13918e-05
4.02956e-05
3.83923e-05
3.50834e-05
2.86853e-05
1.62367e-05
)
;

boundaryField
{
    movingWall
    {
        type            calculated;
        value           uniform 0;
    }
    fixedWalls
    {
        type            calculated;
        value           uniform 0;
    }
    frontAndBack
    {
        type            empty;
    }
}


// ************************************************************************* //
