/*--------------------------------*- C++ -*----------------------------------*\
| =========                 |                                                 |
| \\      /  F ield         | OpenFOAM: The Open Source CFD Toolbox           |
|  \\    /   O peration     | Version:  2606                                  |
|   \\  /    A nd           | Website:  www.openfoam.com                      |
|    \\/     M anipulation  |                                                 |
\*---------------------------------------------------------------------------*/
FoamFile
{
    version     2.0;
    format      ascii;
    arch        "LSB;label=32;scalar=64";
    class       volVectorField;
    location    "0.8";
    object      U;
}
// * * * * * * * * * * * * * * * * * * * * * * * * * * * * * * * * * * * * * //

dimensions      [0 1 -1 0 0 0 0];

internalField   nonuniform List<vector> 
400
(
(0.00024097 -0.000243282 0)
(5.75024e-05 0.000128365 0)
(-0.00132413 0.000540333 0)
(-0.00356896 0.000807086 0)
(-0.00630908 0.000943485 0)
(-0.00924575 0.000983808 0)
(-0.0121313 0.000946571 0)
(-0.0147373 0.00083298 0)
(-0.0168295 0.000634966 0)
(-0.0181662 0.000347485 0)
(-0.0185238 -1.96252e-05 0)
(-0.0177471 -0.000434619 0)
(-0.0158102 -0.000836926 0)
(-0.0128674 -0.0011485 0)
(-0.00927605 -0.00128998 0)
(-0.00556526 -0.00120525 0)
(-0.00234367 -0.000887049 0)
(-0.000154988 -0.000395697 0)
(0.00070089 0.000124571 0)
(0.000389635 0.000370632 0)
(-0.000141575 -7.05947e-05 0)
(-0.00188409 0.00180001 0)
(-0.00615395 0.00362066 0)
(-0.0121499 0.00484081 0)
(-0.0191298 0.0054668 0)
(-0.0264587 0.00558727 0)
(-0.0335458 0.00525779 0)
(-0.0398221 0.0044879 0)
(-0.0447261 0.00326813 0)
(-0.04772 0.00161524 0)
(-0.0483515 -0.000383848 0)
(-0.0463441 -0.00254422 0)
(-0.0417043 -0.00457924 0)
(-0.0348077 -0.00613804 0)
(-0.0264219 -0.00687867 0)
(-0.0176428 -0.0065705 0)
(-0.00971718 -0.00519963 0)
(-0.00376075 -0.00304158 0)
(-0.000442004 -0.000699608 0)
(0.000255624 0.000734914 0)
(-0.000659223 0.00143278 0)
(-0.00421595 0.00622075 0)
(-0.0114375 0.0103819 0)
(-0.0208882 0.0131532 0)
(-0.0315074 0.0145319 0)
(-0.0424488 0.0146549 0)
(-0.0528984 0.0136162 0)
(-0.0620602 0.0114438 0)
(-0.0691577 0.00815366 0)
(-0.0734656 0.00383792 0)
(-0.0743883 -0.00125104 0)
(-0.0715703 -0.00664973 0)
(-0.0650189 -0.0116904 0)
(-0.0552065 -0.0155772 0)
(-0.0431131 -0.0175416 0)
(-0.0301701 -0.0170611 0)
(-0.0180599 -0.0140918 0)
(-0.00836431 -0.00923017 0)
(-0.00221497 -0.00375846 0)
(-6.63873e-05 0.000251194 0)
(-0.00113523 0.00421909 0)
(-0.00643507 0.0132034 0)
(-0.0164999 0.0203194 0)
(-0.0291737 0.0249044 0)
(-0.0430723 0.027063 0)
(-0.0571943 0.0270189 0)
(-0.070586 0.0249153 0)
(-0.0823127 0.0208051 0)
(-0.0914625 0.014743 0)
(-0.0971786 0.00692072 0)
(-0.09874 -0.00221016 0)
(-0.0956748 -0.0118659 0)
(-0.0878952 -0.0209317 0)
(-0.0758311 -0.0280769 0)
(-0.0605212 -0.0319853 0)
(-0.0436167 -0.0317031 0)
(-0.0272085 -0.0270387 0)
(-0.0134358 -0.01887 0)
(-0.00409444 -0.0092135 0)
(-0.000364437 -0.00117853 0)
(-0.00154841 0.00816124 0)
(-0.00842206 0.0225398 0)
(-0.0210918 0.0331366 0)
(-0.0367046 0.0396995 0)
(-0.0535718 0.0426038 0)
(-0.0705793 0.0422334 0)
(-0.0866962 0.0388059 0)
(-0.100917 0.0324023 0)
(-0.112252 0.0231099 0)
(-0.119742 0.0112063 0)
(-0.122527 -0.00267602 0)
(-0.119948 -0.0174463 0)
(-0.1117 -0.0315331 0)
(-0.0980139 -0.0430075 0)
(-0.0798269 -0.0498633 0)
(-0.0589065 -0.0504968 0)
(-0.0377667 -0.0443281 0)
(-0.0192721 -0.0323537 0)
(-0.00616958 -0.0173318 0)
(-0.000648623 -0.00358146 0)
(-0.00189377 0.0131121 0)
(-0.0101164 0.0339783 0)
(-0.02505 0.0485541 0)
(-0.043235 0.0572602 0)
(-0.0627254 0.0609082 0)
(-0.0823371 0.0601303 0)
(-0.101017 0.0552526 0)
(-0.117748 0.0463843 0)
(-0.13151 0.0336189 0)
(-0.141265 0.0172699 0)
(-0.145997 -0.00191509 0)
(-0.144795 -0.0225933 0)
(-0.137014 -0.0427821 0)
(-0.122512 -0.0599098 0)
(-0.10193 -0.0711108 0)
(-0.0769881 -0.0738206 0)
(-0.0505805 -0.0666739 0)
(-0.026464 -0.0504645 0)
(-0.00871884 -0.0286495 0)
(-0.000983086 -0.00708504 0)
(-0.00216122 0.0188945 0)
(-0.0114547 0.0471764 0)
(-0.028213 0.066176 0)
(-0.0484967 0.0771992 0)
(-0.0701647 0.0816435 0)
(-0.0920079 0.0804799 0)
(-0.113002 0.0741823 0)
(-0.132177 0.0628853 0)
(-0.148536 0.0466483 0)
(-0.161 0.0257454 0)
(-0.168398 0.00093368 0)
(-0.169543 -0.0263208 0)
(-0.163367 -0.0537063 0)
(-0.149177 -0.0780193 0)
(-0.127079 -0.0953866 0)
(-0.0984733 -0.10191 0)
(-0.0664413 -0.0948613 0)
(-0.0356923 -0.0742497 0)
(-0.0120979 -0.0440202 0)
(-0.00145098 -0.0119958 0)
(-0.0023369 0.0252949 0)
(-0.0123686 0.0617064 0)
(-0.0304142 0.0854902 0)
(-0.052194 0.0989932 0)
(-0.0754374 0.104327 0)
(-0.0989513 0.102889 0)
(-0.121791 0.095346 0)
(-0.14309 0.081858 0)
(-0.161943 0.0624067 0)
(-0.177297 0.037138 0)
(-0.187894 0.00668288 0)
(-0.192294 -0.0275435 0)
(-0.188975 -0.063054 0)
(-0.176588 -0.0961249 0)
(-0.154443 -0.12182 0)
(-0.123229 -0.134554 0)
(-0.0857871 -0.1295 0)
(-0.0475835 -0.104919 0)
(-0.0167064 -0.0646338 0)
(-0.00215433 -0.0188287 0)
(-0.00241 0.0320636 0)
(-0.0128056 0.0770645 0)
(-0.0315163 0.10587 0)
(-0.0540536 0.121963 0)
(-0.078074 0.128273 0)
(-0.102435 0.126711 0)
(-0.126317 0.118189 0)
(-0.149021 0.102907 0)
(-0.169811 0.0807365 0)
(-0.187764 0.0516094 0)
(-0.201656 0.0158898 0)
(-0.209907 -0.0252448 0)
(-0.210629 -0.0693757 0)
(-0.201797 -0.112514 0)
(-0.181723 -0.148788 0)
(-0.14993 -0.170725 0)
(-0.108333 -0.17062 0)
(-0.0625325 -0.143585 0)
(-0.0229734 -0.0919612 0)
(-0.00322744 -0.0283304 0)
(-0.00238422 0.0389311 0)
(-0.0127673 0.092698 0)
(-0.0314791 0.12659 0)
(-0.0539201 0.14526 0)
(-0.0777145 0.152548 0)
(-0.1018 0.150967 0)
(-0.125525 0.141743 0)
(-0.14842 0.125148 0)
(-0.17001 0.100939 0)
(-0.18963 0.0687825 0)
(-0.206257 0.0286598 0)
(-0.218365 -0.0186912 0)
(-0.22392 -0.0712157 0)
(-0.220375 -0.125062 0)
(-0.204974 -0.1738 0)
(-0.175682 -0.208208 0)
(-0.13264 -0.217129 0)
(-0.0804332 -0.19079 0)
(-0.0313272 -0.127591 0)
(-0.00485994 -0.0415098 0)
(-0.00229378 0.0456525 0)
(-0.0123621 0.108071 0)
(-0.0304537 0.146874 0)
(-0.0518855 0.167891 0)
(-0.0742756 0.175969 0)
(-0.0966783 0.174326 0)
(-0.11866 0.164582 0)
(-0.140041 0.147139 0)
(-0.160695 0.121672 0)
(-0.180345 0.0875819 0)
(-0.198361 0.0444201 0)
(-0.21351 -0.00767134 0)
(-0.223955 -0.0674547 0)
(-0.226942 -0.131547 0)
(-0.218838 -0.193655 0)
(-0.195903 -0.243428 0)
(-0.155716 -0.266243 0)
(-0.100287 -0.245814 0)
(-0.0421009 -0.172884 0)
(-0.00732231 -0.0596723 0)
(-0.00222675 0.0520874 0)
(-0.011875 0.122779 0)
(-0.0288911 0.165984 0)
(-0.0484252 0.188772 0)
(-0.0681165 0.197147 0)
(-0.087209 0.19515 0)
(-0.105559 0.184875 0)
(-0.123342 0.166929 0)
(-0.140845 0.140965 0)
(-0.158265 0.106163 0)
(-0.175521 0.0616442 0)
(-0.192079 0.00687175 0)
(-0.206503 -0.0578421 0)
(-0.21621 -0.130219 0)
(-0.217344 -0.204947 0)
(-0.204705 -0.271671 0)
(-0.172895 -0.313167 0)
(-0.119765 -0.305843 0)
(-0.0553042 -0.228352 0)
(-0.0109736 -0.0844294 0)
(-0.00236491 0.0583338 0)
(-0.0118631 0.136711 0)
(-0.0276595 0.183331 0)
(-0.044507 0.206804 0)
(-0.0601397 0.214559 0)
(-0.0741517 0.211587 0)
(-0.0868131 0.200525 0)
(-0.098729 0.182234 0)
(-0.110648 0.156415 0)
(-0.123293 0.122106 0)
(-0.137213 0.0780688 0)
(-0.152589 0.0231424 0)
(-0.168834 -0.0432497 0)
(-0.184176 -0.120443 0)
(-0.195116 -0.204928 0)
(-0.195803 -0.287851 0)
(-0.178176 -0.35132 0)
(-0.134907 -0.365316 0)
(-0.0701933 -0.29267 0)
(-0.0161996 -0.117586 0)
(-0.00306055 0.0649501 0)
(-0.0133036 0.150261 0)
(-0.0281547 0.198569 0)
(-0.0416078 0.220906 0)
(-0.051716 0.226592 0)
(-0.0587469 0.221678 0)
(-0.0635855 0.209335 0)
(-0.0673534 0.190673 0)
(-0.0712735 0.165474 0)
(-0.076572 0.132723 0)
(-0.08439 0.0909692 0)
(-0.0956468 0.0385939 0)
(-0.110753 -0.0258758 0)
(-0.129152 -0.103285 0)
(-0.14855 -0.192516 0)
(-0.163676 -0.287778 0)
(-0.165008 -0.373333 0)
(-0.140157 -0.415885 0)
(-0.084622 -0.361442 0)
(-0.0231774 -0.160707 0)
(-0.00498078 0.0733435 0)
(-0.0178115 0.164544 0)
(-0.0323223 0.211558 0)
(-0.0414468 0.229906 0)
(-0.0441706 0.231473 0)
(-0.0420103 0.223354 0)
(-0.0367464 0.209093 0)
(-0.0301069 0.189935 0)
(-0.0237698 0.165694 0)
(-0.0193743 0.135349 0)
(-0.0185311 0.0973674 0)
(-0.0227856 0.0498989 0)
(-0.033477 -0.00909228 0)
(-0.0514019 -0.0816384 0)
(-0.0761048 -0.169003 0)
(-0.104297 -0.269502 0)
(-0.127067 -0.372684 0)
(-0.128606 -0.447379 0)
(-0.0942653 -0.426351 0)
(-0.0312865 -0.214346 0)
(-0.00931175 0.0864994 0)
(-0.0277948 0.181494 0)
(-0.042138 0.222009 0)
(-0.0447007 0.232128 0)
(-0.0369445 0.226948 0)
(-0.0225306 0.214236 0)
(-0.00442278 0.197489 0)
(0.0150072 0.177794 0)
(0.0337055 0.154868 0)
(0.0497668 0.127659 0)
(0.061296 0.0946473 0)
(0.0663365 0.053982 0)
(0.0628458 0.00348487 0)
(0.0488607 -0.0594534 0)
(0.0228688 -0.137787 0)
(-0.0148294 -0.233939 0)
(-0.0584532 -0.345187 0)
(-0.092098 -0.449363 0)
(-0.0919849 -0.475386 0)
(-0.0379999 -0.277556 0)
(-0.0177612 0.110464 0)
(-0.0455995 0.202991 0)
(-0.0564562 0.227716 0)
(-0.0460265 0.223793 0)
(-0.0217356 0.209101 0)
(0.0096657 0.190844 0)
(0.0440554 0.171627 0)
(0.0786522 0.151895 0)
(0.111298 0.131034 0)
(0.140092 0.107896 0)
(0.163123 0.0810428 0)
(0.178305 0.0488109 0)
(0.1832 0.00924863 0)
(0.175105 -0.0401436 0)
(0.150982 -0.102837 0)
(0.108112 -0.18405 0)
(0.0471695 -0.289309 0)
(-0.0207873 -0.412006 0)
(-0.0676313 -0.492859 0)
(-0.0372715 -0.346059 0)
(-0.0307505 0.156371 0)
(-0.0671354 0.225316 0)
(-0.0571844 0.217044 0)
(-0.0177979 0.19355 0)
(0.0329794 0.169221 0)
(0.0867258 0.147057 0)
(0.139666 0.127465 0)
(0.189627 0.109769 0)
(0.235081 0.092849 0)
(0.274674 0.075465 0)
(0.306906 0.0563588 0)
(0.329934 0.03423 0)
(0.341305 0.00763144 0)
(0.338149 -0.0252583 0)
(0.316593 -0.0672397 0)
(0.271793 -0.123898 0)
(0.199247 -0.206289 0)
(0.0994073 -0.326833 0)
(-0.00569258 -0.456323 0)
(-0.0154523 -0.398572 0)
(-0.0281967 0.226699 0)
(-0.0421223 0.223761 0)
(0.0373062 0.165957 0)
(0.126751 0.12792 0)
(0.207807 0.101899 0)
(0.279948 0.0824126 0)
(0.344017 0.0674382 0)
(0.400361 0.0554856 0)
(0.449104 0.0452052 0)
(0.490088 0.0354841 0)
(0.52269 0.0254115 0)
(0.545727 0.0141946 0)
(0.557221 0.00106331 0)
(0.554851 -0.0146679 0)
(0.534774 -0.0347301 0)
(0.491464 -0.0624781 0)
(0.416572 -0.107463 0)
(0.296969 -0.193966 0)
(0.132751 -0.33313 0)
(0.0673454 -0.369477 0)
(0.261549 0.137435 0)
(0.324208 0.118163 0)
(0.455461 0.0774034 0)
(0.56051 0.0519841 0)
(0.633096 0.0365129 0)
(0.68676 0.0263221 0)
(0.729092 0.0193882 0)
(0.763182 0.0145316 0)
(0.790557 0.0108935 0)
(0.812008 0.00786391 0)
(0.827705 0.005014 0)
(0.837303 0.00203671 0)
(0.840021 -0.00132661 0)
(0.834531 -0.00508187 0)
(0.818577 -0.0098288 0)
(0.788851 -0.016427 0)
(0.737928 -0.0273896 0)
(0.648 -0.0517999 0)
(0.474701 -0.111392 0)
(0.341588 -0.155794 0)
)
;

boundaryField
{
    movingWall
    {
        type            fixedValue;
        value           uniform (1 0 0);
    }
    fixedWalls
    {
        type            noSlip;
    }
    frontAndBack
    {
        type            empty;
    }
}


// ************************************************************************* //
