/*--------------------------------*- C++ -*----------------------------------*\
| =========                 |                                                 |
| \\      /  F ield         | OpenFOAM: The Open Source CFD Toolbox           |
|  \\    /   O peration     | Version:  2606                                  |
|   \\  /    A nd           | Website:  www.openfoam.com                      |
|    \\/     M anipulation  |                                                 |
\*---------------------------------------------------------------------------*/
FoamFile
{
    version     2.0;
    format      ascii;
    arch        "LSB;label=32;scalar=64";
    class       volScalarField;
    location    "1.3";
    object      p;
}
// * * * * * * * * * * * * * * * * * * * * * * * * * * * * * * * * * * * * * //

dimensions      [0 2 -2 0 0 0 0];

internalField   nonuniform List<scalar> 
400
(
1.21636e-06
-0.000629212
-0.00134609
-0.00190114
-0.00217255
-0.00210494
-0.00167456
-0.000873503
0.000285602
0.0017535
0.00342843
0.00514828
0.00670579
0.00788022
0.0084917
0.00846106
0.00785494
0.00689609
0.00593747
0.00537595
0.000628036
-3.07569e-05
-0.000587189
-0.000967653
-0.00113933
-0.00106689
-0.000727394
-0.00010757
0.000790693
0.00193585
0.00325253
0.00461868
0.0058665
0.00681791
0.00732682
0.00732911
0.0068784
0.00614861
0.0053877
0.00482083
0.00138987
0.000477596
-0.000110485
-0.000449646
-0.000606873
-0.000573892
-0.000332442
0.000138022
0.000852122
0.00180063
0.00293248
0.00414421
0.00528357
0.00617542
0.00666582
0.00667458
0.00623562
0.00549764
0.00464693
0.00384001
0.00197037
0.000732531
2.45213e-05
-0.000353573
-0.000560577
-0.00061248
-0.000493161
-0.000170374
0.000392714
0.00121368
0.0022658
0.00346024
0.00464292
0.00561751
0.00619198
0.00624113
0.00576341
0.00489115
0.00378329
0.00257523
0.00210854
0.000554968
-0.000293764
-0.000750195
-0.00105386
-0.0012382
-0.00128314
-0.00113844
-0.000738228
-3.09037e-05
0.000987698
0.00224892
0.0035938
0.00479286
0.00559197
0.00578847
0.00531575
0.00427871
0.00282364
0.00109964
0.00158003
-0.00025004
-0.00124135
-0.00180676
-0.00225403
-0.00262719
-0.00289613
-0.00298617
-0.00279451
-0.00222491
-0.00122902
0.000159477
0.00178455
0.00338042
0.00460805
0.00514493
0.00481022
0.00364702
0.00178322
-0.000589067
0.000199181
-0.00185331
-0.00298177
-0.00368567
-0.0043285
-0.00496013
-0.00553644
-0.00595322
-0.0060626
-0.00570903
-0.00477631
-0.00324826
-0.0012428
0.000947062
0.00288041
0.00406352
0.00412528
0.00297487
0.000678526
-0.002512
-0.00217609
-0.00438736
-0.00564342
-0.00651489
-0.00740968
-0.00838222
-0.00937416
-0.0102498
-0.0108093
-0.0108235
-0.0100837
-0.00847411
-0.00604034
-0.00306463
-8.55008e-05
0.00218213
0.00307277
0.00223371
-0.000441338
-0.00465498
-0.00563317
-0.00793458
-0.00930369
-0.0103657
-0.0115645
-0.0129626
-0.0144922
-0.0159888
-0.0171983
-0.0178048
-0.0174795
-0.015959
-0.0131525
-0.00926309
-0.00488391
-0.000974597
0.00138789
0.00139379
-0.00145599
-0.00690608
-0.0101931
-0.0125168
-0.0139726
-0.0152259
-0.016755
-0.0186407
-0.0208159
-0.0230956
-0.0251749
-0.0266459
-0.0270364
-0.02589
-0.0229137
-0.0181241
-0.0120709
-0.00591835
-0.00124195
0.00044353
-0.00212276
-0.00896464
-0.0158079
-0.0180946
-0.0195844
-0.0209791
-0.0228041
-0.0251774
-0.0280488
-0.0312248
-0.0343587
-0.0369538
-0.0383855
-0.0379696
-0.0351748
-0.0296924
-0.0218833
-0.0129805
-0.00504593
-0.000538183
-0.00199714
-0.0101944
-0.0223758
-0.0245845
-0.0260046
-0.027398
-0.0293788
-0.0321336
-0.0356468
-0.0397291
-0.0440018
-0.0478881
-0.0506274
-0.0513347
-0.0490796
-0.0432632
-0.0338652
-0.0219493
-0.00988789
-0.00120407
-0.000296881
-0.00938682
-0.0297893
-0.0319005
-0.0330527
-0.0341544
-0.0360003
-0.0388888
-0.0428546
-0.0477161
-0.0530649
-0.0582514
-0.0623844
-0.0643694
-0.0630001
-0.0572401
-0.0465898
-0.0316872
-0.0148762
-0.000630102
0.00433977
-0.00440188
-0.0380377
-0.0400263
-0.0405358
-0.0408397
-0.0420784
-0.0447084
-0.048813
-0.0542028
-0.0604237
-0.0667455
-0.0721527
-0.0753651
-0.0749191
-0.0693825
-0.0577364
-0.0399989
-0.0180742
0.00302513
0.0142129
0.00827919
-0.0474232
-0.0491242
-0.0482723
-0.0469801
-0.0469642
-0.0488458
-0.0527139
-0.058324
-0.0651332
-0.0723003
-0.0786723
-0.0827901
-0.082954
-0.0773926
-0.0646156
-0.0439716
-0.0165924
0.0126375
0.0328149
0.0337817
-0.0590342
-0.0597049
-0.0560804
-0.0520362
-0.0500133
-0.0506623
-0.0539615
-0.0595248
-0.0666493
-0.0743319
-0.0812456
-0.0857357
-0.085871
-0.0795644
-0.0649202
-0.0406881
-0.0070981
0.0318728
0.0646407
0.0784659
-0.075902
-0.072944
-0.0638425
-0.0555337
-0.0507663
-0.04982
-0.052352
-0.0577061
-0.0649397
-0.0728284
-0.0798338
-0.0840777
-0.0833738
-0.0752831
-0.0574821
-0.0281419
0.0133622
0.0646952
0.115062
0.151101
-0.106671
-0.0910068
-0.0716194
-0.0572803
-0.0491042
-0.0463574
-0.0480989
-0.0532267
-0.0604634
-0.0683287
-0.0750659
-0.0785738
-0.0764002
-0.0656995
-0.0435911
-0.00730378
0.0451591
0.113304
0.19112
0.271652
-0.178203
-0.114507
-0.0747857
-0.0533022
-0.0422325
-0.0383925
-0.0400325
-0.0454787
-0.0530749
-0.0611336
-0.0677726
-0.0707723
-0.0674876
-0.0547553
-0.0291149
0.0137092
0.0786891
0.171342
0.299075
0.473291
-0.344955
-0.135737
-0.0555048
-0.0319388
-0.0230932
-0.0212988
-0.025038
-0.0324438
-0.0416533
-0.050965
-0.0585632
-0.0623128
-0.0597104
-0.0477739
-0.0221979
0.0221271
0.093996
0.211322
0.409368
0.73865
)
;

boundaryField
{
    movingWall
    {
        type            zeroGradient;
    }
    fixedWalls
    {
        type            zeroGradient;
    }
    frontAndBack
    {
        type            empty;
    }
}


// ************************************************************************* //
