/*--------------------------------*- C++ -*----------------------------------*\
| =========                 |                                                 |
| \\      /  F ield         | OpenFOAM: The Open Source CFD Toolbox           |
|  \\    /   O peration     | Version:  2606                                  |
|   \\  /    A nd           | Website:  www.openfoam.com                      |
|    \\/     M anipulation  |                                                 |
\*---------------------------------------------------------------------------*/
FoamFile
{
    version     2.0;
    format      ascii;
    arch        "LSB;label=32;scalar=64";
    class       surfaceScalarField;
    location    "1.3";
    object      phi;
}
// * * * * * * * * * * * * * * * * * * * * * * * * * * * * * * * * * * * * * //

dimensions      [0 3 -1 0 0 0 0];

oriented        oriented;

internalField   nonuniform List<scalar> 
760
(
1.25408e-08
-1.25981e-08
-2.86979e-08
4.12384e-08
-1.22675e-07
9.3978e-08
-2.51172e-07
1.28496e-07
-3.97117e-07
1.45945e-07
-5.46666e-07
1.49549e-07
-6.87792e-07
1.41126e-07
-8.08674e-07
1.20882e-07
-8.96996e-07
8.8322e-08
-9.40654e-07
4.36578e-08
-9.29665e-07
-1.09896e-08
-8.59303e-07
-7.03614e-08
-7.32804e-07
-1.26499e-07
-5.63492e-07
-1.69312e-07
-3.745e-07
-1.88992e-07
-1.95567e-07
-1.78933e-07
-5.67927e-08
-1.38774e-07
1.97252e-08
-7.65182e-08
2.97552e-08
-1.00301e-08
2.97554e-08
-4.31319e-08
3.05327e-08
-2.04439e-07
2.02546e-07
-4.6859e-07
3.58128e-07
-8.01857e-07
4.61763e-07
-1.16963e-06
5.13716e-07
-1.53998e-06
5.199e-07
-1.88307e-06
4.84218e-07
-2.16983e-06
4.07642e-07
-2.3719e-06
2.90392e-07
-2.4637e-06
1.35459e-07
-2.42668e-06
-4.80115e-08
-2.25377e-06
-2.43274e-07
-1.95519e-06
-4.25076e-07
-1.56068e-06
-5.63824e-07
-1.11862e-06
-6.3105e-07
-6.89726e-07
-6.07826e-07
-3.35108e-07
-4.93392e-07
-1.00669e-07
-3.10956e-07
-1.25239e-09
-1.09446e-07
2.85032e-08
-1.10619e-07
1.41152e-07
-4.03776e-07
4.95705e-07
-8.32676e-07
7.87028e-07
-1.34779e-06
9.7688e-07
-1.90191e-06
1.06783e-06
-2.45121e-06
1.0692e-06
-2.95411e-06
9.87112e-07
-3.37018e-06
8.23715e-07
-3.66085e-06
5.81061e-07
-3.7923e-06
2.66912e-07
-3.74038e-06
-9.99311e-08
-3.49648e-06
-4.87175e-07
-3.07335e-06
-8.48206e-07
-2.50873e-06
-1.12844e-06
-1.86501e-06
-1.27477e-06
-1.22265e-06
-1.25019e-06
-6.66156e-07
-1.04989e-06
-2.64103e-07
-7.13008e-07
-4.83756e-08
-3.25173e-07
-1.98724e-08
-1.73989e-07
3.1514e-07
-5.94433e-07
9.16149e-07
-1.17954e-06
1.37214e-06
-1.86112e-06
1.65846e-06
-2.58078e-06
1.7875e-06
-3.28651e-06
1.77493e-06
-3.92949e-06
1.63009e-06
-4.46243e-06
1.35665e-06
-4.84011e-06
9.58746e-07
-5.02243e-06
4.49232e-07
-4.97932e-06
-1.43044e-07
-4.69694e-06
-7.69559e-07
-4.18455e-06
-1.3606e-06
-3.48016e-06
-1.83283e-06
-2.65306e-06
-2.10187e-06
-1.7997e-06
-2.10355e-06
-1.0297e-06
-1.81989e-06
-4.42025e-07
-1.30068e-06
-9.75648e-08
-6.69632e-07
-1.17437e-07
-2.30128e-07
5.45268e-07
-7.6619e-07
1.45221e-06
-1.49342e-06
2.09937e-06
-2.32543e-06
2.49047e-06
-3.19417e-06
2.65624e-06
-4.04222e-06
2.62298e-06
-4.81702e-06
2.40489e-06
-5.46769e-06
2.00732e-06
-5.94472e-06
1.43577e-06
-6.2021e-06
7.0661e-07
-6.20185e-06
-1.43288e-07
-5.91989e-06
-1.05152e-06
-5.3548e-06
-1.92569e-06
-4.53658e-06
-2.65104e-06
-3.53446e-06
-3.10398e-06
-2.45839e-06
-3.17962e-06
-1.44781e-06
-2.83047e-06
-6.43739e-07
-2.10475e-06
-1.49958e-07
-1.16341e-06
-2.67396e-07
-2.77476e-07
8.22744e-07
-9.12543e-07
2.08728e-06
-1.76257e-06
2.9494e-06
-2.72557e-06
3.45347e-06
-3.72609e-06
3.65676e-06
-4.70394e-06
3.60083e-06
-5.60575e-06
3.3067e-06
-6.37988e-06
2.78146e-06
-6.97441e-06
2.0303e-06
-7.33767e-06
1.06987e-06
-7.42177e-06
-5.9184e-08
-7.18749e-06
-1.28581e-06
-6.61531e-06
-2.49786e-06
-5.71766e-06
-3.5487e-06
-4.55425e-06
-4.26739e-06
-3.24299e-06
-4.49088e-06
-1.95619e-06
-4.11727e-06
-8.9087e-07
-3.17007e-06
-2.13249e-07
-1.84103e-06
-4.80645e-07
-3.14193e-07
1.13694e-06
-1.02719e-06
2.80028e-06
-1.97514e-06
3.89735e-06
-3.04423e-06
4.52256e-06
-4.15421e-06
4.76674e-06
-5.24469e-06
4.6913e-06
-6.26433e-06
4.32635e-06
-7.16356e-06
3.68068e-06
-7.89038e-06
2.75712e-06
-8.38891e-06
1.5684e-06
-8.6001e-06
1.51999e-07
-8.46784e-06
-1.41806e-06
-7.9473e-06
-3.0184e-06
-7.02305e-06
-4.47295e-06
-5.73199e-06
-5.55845e-06
-4.18765e-06
-6.03522e-06
-2.59152e-06
-5.7134e-06
-1.20932e-06
-4.55227e-06
-2.97035e-07
-2.75332e-06
-7.7768e-07
-3.38269e-07
1.47521e-06
-1.10388e-06
3.56588e-06
-2.11902e-06
4.91249e-06
-3.26199e-06
5.66553e-06
-4.45034e-06
5.95509e-06
-5.62592e-06
5.86688e-06
-6.74218e-06
5.4426e-06
-7.75472e-06
4.69323e-06
-8.61491e-06
3.61731e-06
-9.26576e-06
2.21926e-06
-9.64031e-06
5.26546e-07
-9.66482e-06
-1.39356e-06
-9.26658e-06
-3.41664e-06
-8.3928e-06
-5.34673e-06
-7.04087e-06
-6.91039e-06
-5.29857e-06
-7.77751e-06
-3.3802e-06
-7.63176e-06
-1.62479e-06
-6.30769e-06
-4.12023e-07
-3.96608e-06
-1.1897e-06
-3.48184e-07
1.82339e-06
-1.13782e-06
4.35552e-06
-2.18396e-06
5.95864e-06
-3.36034e-06
6.84191e-06
-4.58454e-06
7.17929e-06
-5.80278e-06
7.08513e-06
-6.97597e-06
6.61579e-06
-8.06847e-06
5.78573e-06
-9.03952e-06
4.58836e-06
-9.83666e-06
3.0164e-06
-1.03912e-05
1.08104e-06
-1.0617e-05
-1.16774e-06
-1.04157e-05
-3.61791e-06
-9.69203e-06
-6.0704e-06
-8.38715e-06
-8.21527e-06
-6.53369e-06
-9.63097e-06
-4.32481e-06
-9.84064e-06
-2.15819e-06
-8.47432e-06
-5.70071e-07
-5.5542e-06
-1.75977e-06
-3.44064e-07
2.16745e-06
-1.12844e-06
5.13989e-06
-2.16578e-06
6.99598e-06
-3.32736e-06
8.00349e-06
-4.5325e-06
8.38443e-06
-5.73381e-06
8.28643e-06
-6.90223e-06
7.78422e-06
-8.01461e-06
6.8981e-06
-9.04341e-06
5.61715e-06
-9.94812e-06
3.92112e-06
-1.06676e-05
1.80055e-06
-1.11137e-05
-7.21631e-07
-1.11727e-05
-3.559e-06
-1.0709e-05
-6.5341e-06
-9.59705e-06
-9.32718e-06
-7.78284e-06
-1.14452e-05
-5.38681e-06
-1.22367e-05
-2.81875e-06
-1.10424e-05
-7.84446e-07
-7.5885e-06
-2.54422e-06
-3.29241e-07
2.4967e-06
-1.08312e-06
5.89377e-06
-2.07198e-06
7.98484e-06
-3.16509e-06
9.0966e-06
-4.28527e-06
9.50461e-06
-5.39377e-06
9.39494e-06
-6.4744e-06
8.86484e-06
-7.52001e-06
7.94371e-06
-8.52152e-06
6.61867e-06
-9.45813e-06
4.85772e-06
-1.02879e-05
2.63035e-06
-1.0933e-05
-7.65461e-08
-1.12836e-05
-3.20845e-06
-1.1176e-05
-6.64161e-06
-1.04213e-05
-1.0082e-05
-8.85574e-06
-1.30107e-05
-6.46711e-06
-1.46253e-05
-3.59212e-06
-1.39174e-05
-1.06939e-06
-1.01112e-05
-3.61361e-06
-3.12344e-07
2.80904e-06
-1.02165e-06
6.60307e-06
-1.92784e-06
8.89104e-06
-2.89698e-06
1.00657e-05
-3.85843e-06
1.04661e-05
-4.78603e-06
1.03225e-05
-5.67975e-06
9.75857e-06
-6.5517e-06
8.81566e-06
-7.41524e-06
7.48221e-06
-8.27525e-06
5.71774e-06
-9.11713e-06
3.47223e-06
-9.89748e-06
7.03798e-07
-1.05164e-05
-2.58952e-06
-1.08168e-05
-6.34122e-06
-1.05656e-05
-1.03332e-05
-9.48897e-06
-1.40873e-05
-7.39177e-06
-1.67225e-05
-4.42286e-06
-1.68863e-05
-1.43732e-06
-1.30968e-05
-5.05093e-06
-3.10509e-07
3.11955e-06
-9.81749e-07
7.27431e-06
-1.78199e-06
9.69127e-06
-2.57272e-06
1.08565e-05
-3.29705e-06
1.11904e-05
-3.9486e-06
1.09741e-05
-4.5484e-06
1.03584e-05
-5.13062e-06
9.39787e-06
-5.73295e-06
8.08454e-06
-6.38863e-06
6.37342e-06
-7.1172e-06
4.2008e-06
-7.91246e-06
1.49906e-06
-8.71843e-06
-1.78354e-06
-9.40756e-06
-5.65209e-06
-9.74479e-06
-9.99595e-06
-9.37791e-06
-1.44542e-05
-7.91268e-06
-1.81877e-05
-5.19462e-06
-1.96043e-05
-1.89047e-06
-1.64009e-05
-6.94141e-06
-3.55118e-07
3.47467e-06
-1.02594e-06
7.94513e-06
-1.70947e-06
1.03748e-05
-2.26657e-06
1.14136e-05
-2.66993e-06
1.15937e-05
-2.94566e-06
1.12498e-05
-3.14288e-06
1.05556e-05
-3.32019e-06
9.57518e-06
-3.53912e-06
8.30348e-06
-3.85951e-06
6.6938e-06
-4.33384e-06
4.67512e-06
-4.99771e-06
2.16293e-06
-5.85079e-06
-9.30466e-07
-6.82634e-06
-4.67653e-06
-7.73919e-06
-9.0831e-06
-8.22438e-06
-1.3969e-05
-7.72657e-06
-1.86856e-05
-5.71368e-06
-2.16172e-05
-2.40236e-06
-1.97122e-05
-9.34377e-06
-5.02251e-07
3.97692e-06
-1.24849e-06
8.69137e-06
-1.80543e-06
1.09318e-05
-2.05748e-06
1.16656e-05
-2.03906e-06
1.15753e-05
-1.82836e-06
1.10391e-05
-1.51131e-06
1.02385e-05
-1.17278e-06
9.23666e-06
-8.95401e-07
8.0261e-06
-7.60234e-07
6.55864e-06
-8.46109e-07
4.761e-06
-1.22598e-06
2.5428e-06
-1.95611e-06
-2.00338e-07
-3.0488e-06
-3.58385e-06
-4.41746e-06
-7.71444e-06
-5.77279e-06
-1.26137e-05
-6.49909e-06
-1.79593e-05
-5.69681e-06
-2.24195e-05
-2.88473e-06
-2.25243e-05
-1.22285e-05
-8.47216e-07
4.82413e-06
-1.7677e-06
9.61186e-06
-2.13851e-06
1.13026e-05
-1.95096e-06
1.14781e-05
-1.35941e-06
1.09838e-05
-5.19368e-07
1.01991e-05
4.38644e-07
9.28052e-06
1.40473e-06
8.27058e-06
2.28042e-06
7.15041e-06
2.97139e-06
5.86767e-06
3.38177e-06
4.35061e-06
3.41178e-06
2.5128e-06
2.95886e-06
2.52582e-07
1.93498e-06
-2.55996e-06
3.0346e-07
-6.08292e-06
-1.80521e-06
-1.0505e-05
-3.87274e-06
-1.58917e-05
-4.75654e-06
-2.15357e-05
-3.14466e-06
-2.41362e-05
-1.53732e-05
-1.52344e-06
6.34758e-06
-2.6219e-06
1.07103e-05
-2.54277e-06
1.12234e-05
-1.60777e-06
1.05431e-05
-1.79308e-07
9.55531e-06
1.49208e-06
8.52769e-06
3.23624e-06
7.53636e-06
4.92955e-06
6.57727e-06
6.47126e-06
5.60869e-06
7.76686e-06
4.57207e-06
8.71687e-06
3.4006e-06
9.20933e-06
2.02034e-06
9.1125e-06
3.49419e-07
8.28392e-06
-1.73139e-06
6.57501e-06
-4.37401e-06
3.91844e-06
-7.84842e-06
5.82878e-07
-1.25562e-05
-2.36692e-06
-1.85859e-05
-2.8524e-06
-2.36507e-05
-1.82256e-05
-2.58653e-06
8.9341e-06
-3.22112e-06
1.13449e-05
-1.8541e-06
9.85641e-06
4.51849e-07
8.23711e-06
3.09216e-06
6.915e-06
5.78285e-06
5.83701e-06
8.37407e-06
4.94514e-06
1.07722e-05
4.17914e-06
1.29054e-05
3.47553e-06
1.47025e-05
2.77488e-06
1.60803e-05
2.02289e-06
1.69332e-05
1.16741e-06
1.71239e-05
1.58742e-07
1.64886e-05
-1.09616e-06
1.4803e-05
-2.68835e-06
1.18177e-05
-4.8631e-06
7.41128e-06
-8.14978e-06
2.26393e-06
-1.34386e-05
-1.19545e-06
-2.01913e-05
-1.9421e-05
-2.63371e-06
1.15678e-05
-7.2666e-08
8.78387e-06
4.22785e-06
5.55589e-06
8.43676e-06
4.0282e-06
1.22629e-05
3.08888e-06
1.56854e-05
2.41451e-06
1.8711e-05
1.9195e-06
2.13494e-05
1.54079e-06
2.36003e-05
1.22458e-06
2.54438e-05
9.31412e-07
2.68342e-05
6.32481e-07
2.76946e-05
3.07052e-07
2.79144e-05
-6.10724e-08
2.73521e-05
-5.33895e-07
2.57656e-05
-1.10186e-06
2.28092e-05
-1.90667e-06
1.7969e-05
-3.30963e-06
1.09278e-05
-6.39736e-06
3.18442e-06
-1.24479e-05
-1.62366e-05
1.15678e-05
2.03517e-05
2.59076e-05
2.99358e-05
3.30247e-05
3.54392e-05
3.73587e-05
3.88995e-05
4.0124e-05
4.10555e-05
4.16879e-05
4.1995e-05
4.19339e-05
4.14e-05
4.02982e-05
3.83915e-05
3.50819e-05
2.86845e-05
1.62366e-05
)
;

boundaryField
{
    movingWall
    {
        type            calculated;
        value           uniform 0;
    }
    fixedWalls
    {
        type            calculated;
        value           uniform 0;
    }
    frontAndBack
    {
        type            empty;
    }
}


// ************************************************************************* //
