/*--------------------------------*- C++ -*----------------------------------*\
| =========                 |                                                 |
| \\      /  F ield         | OpenFOAM: The Open Source CFD Toolbox           |
|  \\    /   O peration     | Version:  2606                                  |
|   \\  /    A nd           | Website:  www.openfoam.com                      |
|    \\/     M anipulation  |                                                 |
\*---------------------------------------------------------------------------*/
FoamFile
{
    version     2.0;
    format      ascii;
    arch        "LSB;label=32;scalar=64";
    class       volVectorField;
    location    "1.3";
    object      U;
}
// * * * * * * * * * * * * * * * * * * * * * * * * * * * * * * * * * * * * * //

dimensions      [0 1 -1 0 0 0 0];

internalField   nonuniform List<vector> 
400
(
(0.000251738 -0.000254792 0)
(7.36334e-05 0.000125283 0)
(-0.00133453 0.000549012 0)
(-0.00363264 0.000824184 0)
(-0.00644184 0.000965557 0)
(-0.00945469 0.00100828 0)
(-0.0124159 0.000971135 0)
(-0.0150895 0.000854984 0)
(-0.0172329 0.000651256 0)
(-0.0185962 0.000354847 0)
(-0.0189491 -2.35979e-05 0)
(-0.0181341 -0.000450619 0)
(-0.016128 -0.000863149 0)
(-0.0130945 -0.00118051 0)
(-0.00940563 -0.00132137 0)
(-0.00560762 -0.00122919 0)
(-0.00232486 -0.000898329 0)
(-0.000111401 -0.000392776 0)
(0.000736171 0.000138456 0)
(0.000401898 0.000382668 0)
(-0.000140186 -8.81797e-05 0)
(-0.00192098 0.00183051 0)
(-0.00630225 0.00370502 0)
(-0.0124618 0.00496309 0)
(-0.0196345 0.00560966 0)
(-0.0271649 0.00573542 0)
(-0.0344425 0.00539671 0)
(-0.0408791 0.0046024 0)
(-0.0458944 0.00334272 0)
(-0.0489346 0.0016364 0)
(-0.0495373 -0.00042415 0)
(-0.0474252 -0.00264517 0)
(-0.0426144 -0.00472926 0)
(-0.035502 -0.006315 0)
(-0.026885 -0.00705319 0)
(-0.0178932 -0.00671222 0)
(-0.00980401 -0.00528534 0)
(-0.00375309 -0.00306335 0)
(-0.000408749 -0.000670607 0)
(0.000270841 0.000770821 0)
(-0.000676302 0.00145123 0)
(-0.00433516 0.00637184 0)
(-0.011769 0.0106572 0)
(-0.0214962 0.0135115 0)
(-0.0324206 0.0149298 0)
(-0.0436672 0.0150522 0)
(-0.0543942 0.0139742 0)
(-0.0637792 0.0117243 0)
(-0.0710222 0.00832096 0)
(-0.0753798 0.00386424 0)
(-0.0762475 -0.00137876 0)
(-0.0732726 -0.00692381 0)
(-0.0664772 -0.0120803 0)
(-0.0563606 -0.0160308 0)
(-0.0439385 -0.0179928 0)
(-0.0306831 -0.0174419 0)
(-0.0183157 -0.014349 0)
(-0.00844635 -0.00934244 0)
(-0.00221451 -0.00374928 0)
(-5.66695e-05 0.000302366 0)
(-0.0011716 0.00432244 0)
(-0.00663866 0.0135675 0)
(-0.0170145 0.0208935 0)
(-0.0300681 0.0256079 0)
(-0.0443668 0.0278168 0)
(-0.0588747 0.0277506 0)
(-0.072606 0.0255562 0)
(-0.0845968 0.0212902 0)
(-0.0939113 0.0150152 0)
(-0.0996765 0.00693902 0)
(-0.101165 -0.00246079 0)
(-0.0979113 -0.012367 0)
(-0.0898436 -0.0216305 0)
(-0.0774183 -0.0288886 0)
(-0.0617098 -0.0328031 0)
(-0.0444117 -0.0324159 0)
(-0.0276588 -0.0275555 0)
(-0.0136282 -0.0191464 0)
(-0.00413686 -0.00927438 0)
(-0.000362299 -0.00113229 0)
(-0.00160104 0.00839434 0)
(-0.00869629 0.0231998 0)
(-0.0217575 0.0341017 0)
(-0.0378302 0.0408349 0)
(-0.0551661 0.0437874 0)
(-0.0726132 0.0433565 0)
(-0.0891071 0.0397683 0)
(-0.103615 0.0331128 0)
(-0.115125 0.0234925 0)
(-0.122666 0.0112103 0)
(-0.125375 -0.00306487 0)
(-0.1226 -0.018198 0)
(-0.114052 -0.0325747 0)
(-0.0999812 -0.0442245 0)
(-0.0813556 -0.0511108 0)
(-0.0599814 -0.051619 0)
(-0.0384198 -0.0451885 0)
(-0.0195836 -0.0328726 0)
(-0.00625868 -0.0175204 0)
(-0.000654561 -0.00356406 0)
(-0.00195694 0.0135088 0)
(-0.0104358 0.0349951 0)
(-0.0258102 0.0499752 0)
(-0.0445008 0.0588852 0)
(-0.0644945 0.0625666 0)
(-0.084568 0.0616756 0)
(-0.103636 0.0565549 0)
(-0.120658 0.0473295 0)
(-0.134597 0.0341167 0)
(-0.144409 0.017265 0)
(-0.149077 -0.00243355 0)
(-0.147697 -0.02359 0)
(-0.139637 -0.0441678 0)
(-0.124764 -0.0615474 0)
(-0.103741 -0.0728242 0)
(-0.0783162 -0.0754117 0)
(-0.0514304 -0.0679546 0)
(-0.0268971 -0.0513041 0)
(-0.00885722 -0.0290264 0)
(-0.000997729 -0.00712122 0)
(-0.00222721 0.0194718 0)
(-0.011785 0.0485787 0)
(-0.0289933 0.0680808 0)
(-0.049786 0.0793336 0)
(-0.0719521 0.0837864 0)
(-0.0942438 0.0824481 0)
(-0.115609 0.0758194 0)
(-0.135057 0.06406 0)
(-0.151583 0.0472616 0)
(-0.164105 0.0257411 0)
(-0.171461 0.000304596 0)
(-0.172469 -0.0275322 0)
(-0.166062 -0.055403 0)
(-0.151555 -0.0800534 0)
(-0.129059 -0.0975632 0)
(-0.0999889 -0.103997 0)
(-0.0674604 -0.0966188 0)
(-0.0362419 -0.0754808 0)
(-0.0122877 -0.0446456 0)
(-0.00147563 -0.0121117 0)
(-0.00239686 0.0260493 0)
(-0.0126712 0.0634838 0)
(-0.0311308 0.0878615 0)
(-0.0533762 0.101613 0)
(-0.0770694 0.106925 0)
(-0.100981 0.105247 0)
(-0.124141 0.0972862 0)
(-0.145671 0.0832379 0)
(-0.164661 0.0631253 0)
(-0.180065 0.0371424 0)
(-0.190638 0.00597255 0)
(-0.194946 -0.0289164 0)
(-0.19147 -0.064994 0)
(-0.178857 -0.0984854 0)
(-0.156409 -0.124404 0)
(-0.12481 -0.137115 0)
(-0.0869123 -0.131752 0)
(-0.0482294 -0.106591 0)
(-0.0169472 -0.0655624 0)
(-0.00219074 -0.0190514 0)
(-0.00245508 0.0329695 0)
(-0.0130415 0.0791652 0)
(-0.0320846 0.108645 0)
(-0.0549975 0.125 0)
(-0.079377 0.131255 0)
(-0.104047 0.12939 0)
(-0.128167 0.120371 0)
(-0.151031 0.104444 0)
(-0.171905 0.081533 0)
(-0.189881 0.0516237 0)
(-0.20375 0.0151348 0)
(-0.211953 -0.0267092 0)
(-0.212599 -0.071463 0)
(-0.203658 -0.115087 0)
(-0.183424 -0.151664 0)
(-0.15139 -0.173667 0)
(-0.109453 -0.173324 0)
(-0.0632288 -0.145709 0)
(-0.0232579 -0.0932324 0)
(-0.00327711 -0.0286865 0)
(-0.00240688 0.0399421 0)
(-0.0129022 0.0950308 0)
(-0.0318243 0.12966 0)
(-0.0545094 0.148603 0)
(-0.0785344 0.155806 0)
(-0.102808 0.153866 0)
(-0.12666 0.144076 0)
(-0.14962 0.126769 0)
(-0.171219 0.101764 0)
(-0.190812 0.0687874 0)
(-0.207398 0.0278778 0)
(-0.21949 -0.0201854 0)
(-0.22505 -0.0733466 0)
(-0.221514 -0.127701 0)
(-0.206119 -0.176799 0)
(-0.176782 -0.211365 0)
(-0.133589 -0.220159 0)
(-0.081099 -0.193313 0)
(-0.0316359 -0.129213 0)
(-0.00492293 -0.0420211 0)
(-0.002289 0.0467053 0)
(-0.0123715 0.110513 0)
(-0.03052 0.150095 0)
(-0.0520325 0.171394 0)
(-0.0744975 0.179364 0)
(-0.0969447 0.177317 0)
(-0.118927 0.166954 0)
(-0.140266 0.148751 0)
(-0.160845 0.122456 0)
(-0.180406 0.0875344 0)
(-0.198347 0.0435877 0)
(-0.213502 -0.00920709 0)
(-0.224011 -0.0695459 0)
(-0.227106 -0.134102 0)
(-0.219167 -0.196573 0)
(-0.1964 -0.246574 0)
(-0.156302 -0.269393 0)
(-0.100807 -0.248599 0)
(-0.042397 -0.174815 0)
(-0.0073955 -0.0603484 0)
(-0.00219275 0.0531087 0)
(-0.0117471 0.125184 0)
(-0.0286493 0.169186 0)
(-0.0480829 0.192265 0)
(-0.0676797 0.200521 0)
(-0.086667 0.198093 0)
(-0.104892 0.187169 0)
(-0.122534 0.16844 0)
(-0.139894 0.141643 0)
(-0.15719 0.10603 0)
(-0.174372 0.060774 0)
(-0.190894 0.00537695 0)
(-0.205379 -0.0597995 0)
(-0.21529 -0.132555 0)
(-0.216718 -0.207594 0)
(-0.204428 -0.274563 0)
(-0.172944 -0.316176 0)
(-0.120008 -0.308673 0)
(-0.0555319 -0.230483 0)
(-0.0110485 -0.0852582 0)
(-0.00230328 0.0592475 0)
(-0.0116008 0.138928 0)
(-0.0271112 0.186335 0)
(-0.0436758 0.210109 0)
(-0.0590469 0.217752 0)
(-0.0728135 0.21435 0)
(-0.0852437 0.202638 0)
(-0.0969471 0.183573 0)
(-0.108683 0.156944 0)
(-0.121191 0.121872 0)
(-0.135036 0.0771831 0)
(-0.150403 0.0217534 0)
(-0.166741 -0.0450234 0)
(-0.182308 -0.122485 0)
(-0.193596 -0.207177 0)
(-0.194738 -0.290296 0)
(-0.177609 -0.353932 0)
(-0.134771 -0.367927 0)
(-0.0702863 -0.29482 0)
(-0.016261 -0.118523 0)
(-0.00297627 0.0656854 0)
(-0.0129249 0.152146 0)
(-0.0273351 0.201203 0)
(-0.0403401 0.223854 0)
(-0.0500383 0.229458 0)
(-0.0567068 0.224147 0)
(-0.0612379 0.211193 0)
(-0.06476 0.191802 0)
(-0.0685019 0.165848 0)
(-0.0736943 0.132398 0)
(-0.081481 0.0900657 0)
(-0.0927813 0.0372699 0)
(-0.108017 -0.0274718 0)
(-0.126649 -0.105024 0)
(-0.146393 -0.194333 0)
(-0.16199 -0.289684 0)
(-0.163889 -0.375378 0)
(-0.13962 -0.418039 0)
(-0.0845271 -0.36339 0)
(-0.0232051 -0.161672 0)
(-0.00488308 0.0738434 0)
(-0.0173531 0.165978 0)
(-0.031307 0.213676 0)
(-0.0398567 0.232352 0)
(-0.0420566 0.233889 0)
(-0.0394502 0.225447 0)
(-0.0338365 0.210659 0)
(-0.0269527 0.190859 0)
(-0.0204771 0.165951 0)
(-0.0160424 0.13499 0)
(-0.0152469 0.0965043 0)
(-0.0196211 0.0486839 0)
(-0.0304958 -0.0104991 0)
(-0.0486666 -0.0830961 0)
(-0.0736908 -0.170426 0)
(-0.102304 -0.270891 0)
(-0.125604 -0.37412 0)
(-0.127755 -0.448934 0)
(-0.0939754 -0.427896 0)
(-0.0312629 -0.215232 0)
(-0.0092172 0.0867348 0)
(-0.0273216 0.182409 0)
(-0.0410602 0.22352 0)
(-0.0429872 0.233976 0)
(-0.034647 0.228836 0)
(-0.0197429 0.215907 0)
(-0.00126964 0.198755 0)
(0.0183891 0.178546 0)
(0.0371817 0.155072 0)
(0.053215 0.127348 0)
(0.0646174 0.0939114 0)
(0.0694595 0.0529506 0)
(0.0657224 0.00230539 0)
(0.0514616 -0.0606409 0)
(0.0251655 -0.138879 0)
(-0.0128855 -0.234905 0)
(-0.0569359 -0.34609 0)
(-0.0911134 -0.450316 0)
(-0.0915639 -0.476418 0)
(-0.0379246 -0.278254 0)
(-0.0176971 0.11046 0)
(-0.0452169 0.203412 0)
(-0.0555276 0.22862 0)
(-0.0445 0.225026 0)
(-0.0196367 0.21044 0)
(0.0122577 0.19208 0)
(0.0470187 0.172599 0)
(0.0818451 0.152501 0)
(0.114575 0.131231 0)
(0.143318 0.107695 0)
(0.166188 0.0805049 0)
(0.181127 0.0480322 0)
(0.185729 0.00834679 0)
(0.177325 -0.0410446 0)
(0.152893 -0.103635 0)
(0.109717 -0.184688 0)
(0.0484633 -0.289811 0)
(-0.0198861 -0.412485 0)
(-0.0671999 -0.493404 0)
(-0.0371716 -0.346498 0)
(-0.0307464 0.156231 0)
(-0.0669691 0.225384 0)
(-0.0566576 0.217449 0)
(-0.016818 0.194231 0)
(0.0344471 0.170035 0)
(0.0886548 0.147856 0)
(0.141973 0.128126 0)
(0.192194 0.11021 0)
(0.237771 0.0930259 0)
(0.277348 0.0753754 0)
(0.309444 0.056036 0)
(0.332238 0.0337348 0)
(0.343317 0.00703849 0)
(0.339843 -0.0258481 0)
(0.317976 -0.0677495 0)
(0.272899 -0.124274 0)
(0.200116 -0.20652 0)
(0.100035 -0.327005 0)
(-0.00536533 -0.456519 0)
(-0.0153669 -0.39875 0)
(-0.0282458 0.226552 0)
(-0.0422008 0.223658 0)
(0.0373439 0.166028 0)
(0.127045 0.128157 0)
(0.20845 0.102238 0)
(0.280974 0.0827759 0)
(0.345396 0.0677557 0)
(0.40201 0.0557058 0)
(0.450911 0.0452993 0)
(0.491927 0.0354464 0)
(0.524439 0.0252581 0)
(0.547279 0.0139595 0)
(0.558531 0.000797769 0)
(0.555886 -0.0149384 0)
(0.535534 -0.0349644 0)
(0.491995 -0.062641 0)
(0.416941 -0.107544 0)
(0.297227 -0.193996 0)
(0.1329 -0.333158 0)
(0.0673954 -0.369501 0)
(0.261501 0.137376 0)
(0.324077 0.118087 0)
(0.455308 0.0773679 0)
(0.560431 0.051997 0)
(0.633178 0.0365636 0)
(0.68705 0.0263909 0)
(0.729584 0.0194545 0)
(0.763832 0.0145786 0)
(0.791296 0.010911 0)
(0.812758 0.00784871 0)
(0.828393 0.00497054 0)
(0.837873 0.00197454 0)
(0.840436 -0.00137835 0)
(0.83477 -0.00513795 0)
(0.81868 -0.0098796 0)
(0.788861 -0.0164603 0)
(0.737894 -0.027402 0)
(0.647966 -0.051799 0)
(0.474688 -0.111388 0)
(0.341588 -0.15579 0)
)
;

boundaryField
{
    movingWall
    {
        type            fixedValue;
        value           uniform (1 0 0);
    }
    fixedWalls
    {
        type            noSlip;
    }
    frontAndBack
    {
        type            empty;
    }
}


// ************************************************************************* //
