/*--------------------------------*- C++ -*----------------------------------*\
| =========                 |                                                 |
| \\      /  F ield         | OpenFOAM: The Open Source CFD Toolbox           |
|  \\    /   O peration     | Version:  2606                                  |
|   \\  /    A nd           | Website:  www.openfoam.com                      |
|    \\/     M anipulation  |                                                 |
\*---------------------------------------------------------------------------*/
FoamFile
{
    version     2.0;
    format      ascii;
    arch        "LSB;label=32;scalar=64";
    class       volScalarField;
    location    "2";
    object      p;
}
// * * * * * * * * * * * * * * * * * * * * * * * * * * * * * * * * * * * * * //

dimensions      [0 2 -2 0 0 0 0];

internalField   nonuniform List<scalar> 
400
(
1.21864e-06
-0.000630977
-0.00135041
-0.00190807
-0.00218191
-0.00211641
-0.00168767
-0.000887658
0.000271097
0.00173931
0.00341504
0.00513582
0.00669395
0.00786827
0.00847865
0.00844593
0.00783712
0.00687554
0.00591504
0.00535287
0.000629107
-3.14801e-05
-0.00058998
-0.000972603
-0.00114648
-0.00107617
-0.000738608
-0.000120345
0.000776866
0.00192153
0.00323818
0.00460454
0.00585246
0.00680351
0.00731136
0.00731189
0.00685899
0.00612703
0.00536452
0.00479712
0.00139287
0.000478217
-0.000111926
-0.000453129
-0.000612596
-0.000581999
-0.00034293
0.000125385
0.000837788
0.00178519
0.00291652
0.00412811
0.00526742
0.00615892
0.00664839
0.00665557
0.00621459
0.00547456
0.00462221
0.00381439
0.00197528
0.000734309
2.39913e-05
-0.000356291
-0.000565845
-0.000620645
-0.000504381
-0.000184492
0.000376188
0.00119548
0.00224672
0.00344094
0.0046237
0.00559824
0.00617213
0.00621999
0.0057404
0.00486603
0.00375625
0.00254668
0.00211447
0.000557071
-0.000294285
-0.000753231
-0.00106001
-0.00124804
-0.00129699
-0.00115618
-0.000759265
-5.42861e-05
0.00096311
0.00222412
0.00356946
0.0047691
0.00556838
0.00576424
0.00529005
0.00425097
0.00279364
0.00106741
0.00158525
-0.000249095
-0.00124333
-0.00181174
-0.00226292
-0.00264085
-0.00291504
-0.00301022
-0.00282299
-0.00225657
-0.00126225
0.000126067
0.00175218
0.00334965
0.00457868
0.00511614
0.00478083
0.00361595
0.00174968
-0.000625564
0.000201387
-0.00185548
-0.00298713
-0.00369463
-0.00434237
-0.00498009
-0.00556314
-0.0059866
-0.00610177
-0.00575243
-0.004822
-0.00329395
-0.0012867
0.000906092
0.00284261
0.00402816
0.00409087
0.00293969
0.000640947
-0.00255318
-0.00217943
-0.00439478
-0.00565419
-0.00652994
-0.00743077
-0.00841087
-0.00941122
-0.0102952
-0.0108621
-0.0108818
-0.0101449
-0.00853547
-0.00609925
-0.00311913
-0.000134681
0.00213786
0.00303177
0.00219356
-0.000483305
-0.00470097
-0.00564439
-0.0079492
-0.00932169
-0.0103887
-0.0115946
-0.0130017
-0.0145414
-0.0160481
-0.0172665
-0.0178798
-0.0175582
-0.0160381
-0.0132287
-0.00933357
-0.00494691
-0.00102991
0.00133877
0.00134791
-0.00150242
-0.00695654
-0.010214
-0.01254
-0.013999
-0.0152578
-0.0167949
-0.0186909
-0.0208776
-0.0231689
-0.0252586
-0.0267373
-0.0271323
-0.0259866
-0.0230069
-0.0182107
-0.0121483
-0.0059856
-0.00130003
0.000391599
-0.00217324
-0.0090185
-0.0158392
-0.0181269
-0.0196195
-0.0210197
-0.0228533
-0.0252377
-0.0281215
-0.0313101
-0.0344551
-0.0370584
-0.0384949
-0.0380802
-0.0352811
-0.0297913
-0.0219722
-0.0130579
-0.005112
-0.000595434
-0.00205047
-0.0102496
-0.0224173
-0.0246253
-0.0260474
-0.0274459
-0.0294352
-0.0322012
-0.0357271
-0.0398222
-0.0441059
-0.0480002
-0.0507432
-0.0514492
-0.0491906
-0.0433666
-0.0339585
-0.0220312
-0.00995805
-0.00126403
-0.000350718
-0.00944021
-0.0298394
-0.0319482
-0.0331011
-0.0342069
-0.0360604
-0.0389595
-0.0429377
-0.0478115
-0.0531708
-0.0583641
-0.0624994
-0.064482
-0.0631067
-0.057338
-0.0466777
-0.0317647
-0.0149433
-0.00068771
0.00428923
-0.00444926
-0.0380938
-0.0400781
-0.0405867
-0.0408931
-0.0421378
-0.0447774
-0.0488936
-0.054295
-0.0605254
-0.0668526
-0.07226
-0.0754677
-0.0750131
-0.0694659
-0.057809
-0.040062
-0.0181292
0.00297697
0.0141708
0.0082424
-0.0474817
-0.049177
-0.0483221
-0.0470299
-0.0470181
-0.0489081
-0.0527872
-0.0584085
-0.0652264
-0.0723978
-0.0787682
-0.0828788
-0.0830313
-0.0774566
-0.064667
-0.0440131
-0.0166277
0.012606
0.0327869
0.0337593
-0.0590905
-0.0597545
-0.0561247
-0.0520779
-0.0500572
-0.0507138
-0.054024
-0.0595988
-0.0667322
-0.0744185
-0.0813295
-0.0858106
-0.0859322
-0.0796096
-0.0649503
-0.0407067
-0.00711024
0.0318622
0.0646307
0.0784598
-0.0759509
-0.0729857
-0.0638766
-0.0555629
-0.0507967
-0.0498581
-0.052402
-0.0577686
-0.0650119
-0.0729047
-0.0799074
-0.0841415
-0.0834226
-0.0753141
-0.0574957
-0.0281418
0.0133705
0.0647036
0.11507
0.151111
-0.106708
-0.091037
-0.0716402
-0.0572952
-0.0491204
-0.0463823
-0.048137
-0.0532786
-0.0605262
-0.0683964
-0.0751313
-0.0786299
-0.0764414
-0.0657225
-0.0435959
-0.00729358
0.0451787
0.113326
0.19114
0.271673
-0.178231
-0.114528
-0.074796
-0.0533065
-0.0422384
-0.0384077
-0.0400615
-0.0455223
-0.05313
-0.0611947
-0.0678326
-0.070824
-0.0675244
-0.0547761
-0.0291183
0.0137207
0.0787109
0.171368
0.299102
0.473316
-0.344981
-0.135755
-0.0555124
-0.031939
-0.0230939
-0.021308
-0.0250605
-0.032481
-0.0417028
-0.0510218
-0.0586207
-0.0623647
-0.0597512
-0.0477974
-0.0222045
0.022135
0.0940145
0.211346
0.409393
0.738674
)
;

boundaryField
{
    movingWall
    {
        type            zeroGradient;
    }
    fixedWalls
    {
        type            zeroGradient;
    }
    frontAndBack
    {
        type            empty;
    }
}


// ************************************************************************* //
