/*--------------------------------*- C++ -*----------------------------------*\
| =========                 |                                                 |
| \\      /  F ield         | OpenFOAM: The Open Source CFD Toolbox           |
|  \\    /   O peration     | Version:  2606                                  |
|   \\  /    A nd           | Website:  www.openfoam.com                      |
|    \\/     M anipulation  |                                                 |
\*---------------------------------------------------------------------------*/
FoamFile
{
    version     2.0;
    format      ascii;
    arch        "LSB;label=32;scalar=64";
    class       surfaceScalarField;
    location    "2";
    object      phi;
}
// * * * * * * * * * * * * * * * * * * * * * * * * * * * * * * * * * * * * * //

dimensions      [0 3 -1 0 0 0 0];

oriented        oriented;

internalField   nonuniform List<scalar> 
760
(
1.26035e-08
-1.26615e-08
-2.86711e-08
4.12745e-08
-1.228e-07
9.41286e-08
-2.51526e-07
1.28726e-07
-3.97744e-07
1.46218e-07
-5.47579e-07
1.49835e-07
-6.88975e-07
1.41397e-07
-8.10084e-07
1.21108e-07
-8.98555e-07
8.84716e-08
-9.42258e-07
4.37028e-08
-9.31191e-07
-1.10679e-08
-8.60628e-07
-7.05626e-08
-7.33828e-07
-1.268e-07
-5.64159e-07
-1.69669e-07
-3.74816e-07
-1.89343e-07
-1.95602e-07
-1.79215e-07
-5.66642e-08
-1.38937e-07
1.9883e-08
-7.65472e-08
2.9838e-08
-9.955e-09
2.9838e-08
-4.31869e-08
3.05256e-08
-2.04788e-07
2.02875e-07
-4.69459e-07
3.58799e-07
-8.03397e-07
4.62665e-07
-1.17191e-06
5.14732e-07
-1.543e-06
5.20926e-07
-1.88676e-06
4.85151e-07
-2.17403e-06
4.08383e-07
-2.3764e-06
2.90842e-07
-2.46824e-06
1.3554e-07
-2.43097e-06
-4.83398e-08
-2.25753e-06
-2.43995e-07
-1.95822e-06
-4.2611e-07
-1.56286e-06
-5.65028e-07
-1.11996e-06
-6.32242e-07
-6.90359e-07
-6.0882e-07
-3.35251e-07
-4.94045e-07
-1.00588e-07
-3.11211e-07
-1.16727e-09
-1.09375e-07
2.86709e-08
-1.1085e-07
1.41375e-07
-4.04645e-07
4.9667e-07
-8.34474e-07
7.88628e-07
-1.35069e-06
9.78882e-07
-1.90596e-06
1.07e-06
-2.45637e-06
1.07133e-06
-2.96021e-06
9.88992e-07
-3.37698e-06
8.25152e-07
-3.66801e-06
5.81879e-07
-3.79945e-06
2.66982e-07
-3.74713e-06
-1.00661e-07
-3.50247e-06
-4.88656e-07
-3.0783e-06
-8.50279e-07
-2.51249e-06
-1.13085e-06
-1.86755e-06
-1.27718e-06
-1.22411e-06
-1.25226e-06
-6.66797e-07
-1.05136e-06
-2.64259e-07
-7.13749e-07
-4.83595e-08
-3.25275e-07
-1.96884e-08
-1.74403e-07
3.15778e-07
-5.95823e-07
9.18091e-07
-1.18225e-06
1.37505e-06
-1.86531e-06
1.66194e-06
-2.58646e-06
1.79116e-06
-3.29356e-06
1.77843e-06
-3.93768e-06
1.63311e-06
-4.47142e-06
1.35889e-06
-4.84951e-06
9.59965e-07
-5.03178e-06
4.49255e-07
-4.98817e-06
-1.44271e-07
-4.70488e-06
-7.71943e-07
-4.19126e-06
-1.3639e-06
-3.48543e-06
-1.83667e-06
-2.65683e-06
-2.10578e-06
-1.80206e-06
-2.10703e-06
-1.03092e-06
-1.8225e-06
-4.42475e-07
-1.3022e-06
-9.76341e-08
-6.70116e-07
-1.17322e-07
-2.30697e-07
5.46475e-07
-7.68014e-07
1.45541e-06
-1.49687e-06
2.10391e-06
-2.33064e-06
2.4957e-06
-3.20109e-06
2.66162e-06
-4.05069e-06
2.62802e-06
-4.82674e-06
2.40916e-06
-5.47828e-06
2.01043e-06
-5.95572e-06
1.43741e-06
-6.21305e-06
7.06583e-07
-6.21229e-06
-1.45033e-07
-5.92938e-06
-1.05485e-06
-5.363e-06
-1.93029e-06
-4.54322e-06
-2.65645e-06
-3.53941e-06
-3.10959e-06
-2.46168e-06
-3.18476e-06
-1.44964e-06
-2.83453e-06
-6.44506e-07
-2.10733e-06
-1.50119e-07
-1.1645e-06
-2.67442e-07
-2.78144e-07
8.24618e-07
-9.1464e-07
2.09191e-06
-1.76647e-06
2.95573e-06
-2.73138e-06
3.46062e-06
-3.73373e-06
3.66396e-06
-4.71317e-06
3.60747e-06
-5.61626e-06
3.31225e-06
-6.39127e-06
2.78544e-06
-6.98623e-06
2.03237e-06
-7.34947e-06
1.06982e-06
-7.43311e-06
-6.13948e-08
-7.19796e-06
-1.28999e-06
-6.62456e-06
-2.50369e-06
-5.72536e-06
-3.55564e-06
-4.56021e-06
-4.27475e-06
-3.24713e-06
-4.49784e-06
-1.95863e-06
-4.12303e-06
-8.9196e-07
-3.17401e-06
-2.13506e-07
-1.84296e-06
-4.80948e-07
-3.14888e-07
1.13951e-06
-1.02935e-06
2.80637e-06
-1.97912e-06
3.90551e-06
-3.05011e-06
4.53161e-06
-4.16188e-06
4.77573e-06
-5.2539e-06
4.69949e-06
-6.27475e-06
4.3331e-06
-7.17479e-06
3.68549e-06
-7.90203e-06
2.75961e-06
-8.40058e-06
1.56838e-06
-8.61143e-06
1.49451e-07
-8.47847e-06
-1.42295e-06
-7.9569e-06
-3.02526e-06
-7.0313e-06
-4.48124e-06
-5.73862e-06
-5.56743e-06
-4.19246e-06
-6.04399e-06
-2.5945e-06
-5.72098e-06
-1.21073e-06
-4.55778e-06
-2.97392e-07
-2.75629e-06
-7.7834e-07
-3.38906e-07
1.47841e-06
-1.10586e-06
3.57332e-06
-2.12267e-06
4.92232e-06
-3.26736e-06
5.6763e-06
-4.45731e-06
5.96568e-06
-5.63424e-06
5.87642e-06
-6.75152e-06
5.45037e-06
-7.76474e-06
4.69871e-06
-8.62527e-06
3.62014e-06
-9.27617e-06
2.21927e-06
-9.65049e-06
5.23771e-07
-9.67453e-06
-1.39891e-06
-9.27557e-06
-3.42422e-06
-8.40081e-06
-5.356e-06
-7.04758e-06
-6.92066e-06
-5.30369e-06
-7.78788e-06
-3.38356e-06
-7.64112e-06
-1.62646e-06
-6.31488e-06
-4.12479e-07
-3.97027e-06
-1.19082e-06
-3.48681e-07
1.82709e-06
-1.13938e-06
4.36402e-06
-2.18686e-06
5.9698e-06
-3.36462e-06
6.85406e-06
-4.59008e-06
7.19113e-06
-5.80934e-06
7.09568e-06
-6.98327e-06
6.6243e-06
-8.07621e-06
5.79166e-06
-9.04745e-06
4.59138e-06
-9.84459e-06
3.01641e-06
-1.03989e-05
1.07812e-06
-1.06245e-05
-1.17334e-06
-1.04229e-05
-3.62583e-06
-9.69873e-06
-6.08017e-06
-8.39311e-06
-8.22628e-06
-6.53857e-06
-9.64242e-06
-4.32825e-06
-9.85144e-06
-2.16003e-06
-8.4831e-06
-5.70616e-07
-5.55969e-06
-1.76144e-06
-3.44349e-07
2.17144e-06
-1.12938e-06
5.14905e-06
-2.16757e-06
7.00799e-06
-3.33004e-06
8.01652e-06
-4.53597e-06
8.39706e-06
-5.73785e-06
8.29757e-06
-6.90663e-06
7.79308e-06
-8.01914e-06
6.90416e-06
-9.04789e-06
5.62014e-06
-9.95248e-06
3.921e-06
-1.06719e-05
1.79751e-06
-1.11179e-05
-7.27259e-07
-1.11769e-05
-3.5669e-06
-1.07132e-05
-6.54382e-06
-9.60126e-06
-9.33825e-06
-7.7867e-06
-1.1457e-05
-5.38986e-06
-1.22483e-05
-2.82058e-06
-1.10524e-05
-7.85048e-07
-7.59522e-06
-2.54648e-06
-3.29261e-07
2.5007e-06
-1.08328e-06
5.90307e-06
-2.07239e-06
7.99711e-06
-3.16579e-06
9.10992e-06
-4.28618e-06
9.51745e-06
-5.39477e-06
9.40615e-06
-6.4753e-06
8.87362e-06
-7.52068e-06
7.94954e-06
-8.5219e-06
6.62136e-06
-9.45822e-06
4.85732e-06
-1.02878e-05
2.62711e-06
-1.09331e-05
-8.20143e-08
-1.12839e-05
-3.21607e-06
-1.11769e-05
-6.65079e-06
-1.04228e-05
-1.00924e-05
-8.85777e-06
-1.3022e-05
-6.4692e-06
-1.46368e-05
-3.59365e-06
-1.39279e-05
-1.06999e-06
-1.01189e-05
-3.61647e-06
-3.12076e-07
2.81278e-06
-1.02095e-06
6.61194e-06
-1.92673e-06
8.9029e-06
-2.89549e-06
1.00787e-05
-3.85656e-06
1.04785e-05
-4.78372e-06
1.03333e-05
-5.67694e-06
9.76684e-06
-6.54835e-06
8.82095e-06
-7.41137e-06
7.48438e-06
-8.271e-06
5.71694e-06
-9.11273e-06
3.46884e-06
-9.89309e-06
6.98344e-07
-1.05126e-05
-2.59659e-06
-1.08138e-05
-6.3495e-06
-1.05638e-05
-1.03424e-05
-9.48852e-06
-1.40973e-05
-7.39231e-06
-1.6733e-05
-4.42375e-06
-1.68965e-05
-1.43781e-06
-1.31048e-05
-5.05428e-06
-3.09961e-07
3.12274e-06
-9.80206e-07
7.28219e-06
-1.77936e-06
9.70205e-06
-2.56907e-06
1.08684e-05
-3.29243e-06
1.12019e-05
-3.94307e-06
1.0984e-05
-4.54204e-06
1.03658e-05
-5.12351e-06
9.40243e-06
-5.72525e-06
8.08612e-06
-6.38053e-06
6.37223e-06
-7.10897e-06
4.19728e-06
-7.9044e-06
1.49378e-06
-8.71098e-06
-1.79002e-06
-9.40117e-06
-5.65931e-06
-9.73989e-06
-1.00037e-05
-9.37481e-06
-1.44624e-05
-7.91134e-06
-1.81965e-05
-5.19453e-06
-1.96133e-05
-1.89073e-06
-1.64086e-05
-6.94502e-06
-3.54327e-07
3.47707e-06
-1.02365e-06
7.95152e-06
-1.7055e-06
1.03839e-05
-2.26097e-06
1.14238e-05
-2.66285e-06
1.16038e-05
-2.93732e-06
1.12584e-05
-3.1335e-06
1.0562e-05
-3.31003e-06
9.57896e-06
-3.52845e-06
8.30455e-06
-3.8486e-06
6.69238e-06
-4.32297e-06
4.67165e-06
-4.98719e-06
2.158e-06
-5.84095e-06
-9.36254e-07
-6.81758e-06
-4.68268e-06
-7.73194e-06
-9.08932e-06
-8.21906e-06
-1.39753e-05
-7.72341e-06
-1.86922e-05
-5.71246e-06
-2.16242e-05
-2.40227e-06
-1.97188e-05
-9.34729e-06
-5.01291e-07
3.97836e-06
-1.24568e-06
8.6959e-06
-1.80048e-06
1.09387e-05
-2.05044e-06
1.16738e-05
-2.03016e-06
1.15835e-05
-1.81795e-06
1.10462e-05
-1.49978e-06
1.02438e-05
-1.16056e-06
9.23974e-06
-8.82883e-07
8.02687e-06
-7.47771e-07
6.55726e-06
-8.33994e-07
4.75787e-06
-1.21446e-06
2.53846e-06
-1.9454e-06
-2.05311e-07
-3.03914e-06
-3.58894e-06
-4.40918e-06
-7.71928e-06
-5.76626e-06
-1.26182e-05
-6.49469e-06
-1.79637e-05
-5.69461e-06
-2.24243e-05
-2.88422e-06
-2.25292e-05
-1.22315e-05
-8.46227e-07
4.82459e-06
-1.76475e-06
9.61443e-06
-2.13321e-06
1.13072e-05
-1.94331e-06
1.14839e-05
-1.3497e-06
1.09899e-05
-5.0803e-07
1.02045e-05
4.51098e-07
9.28469e-06
1.41776e-06
8.27307e-06
2.29354e-06
7.15109e-06
2.98417e-06
5.86663e-06
3.39391e-06
4.34814e-06
3.42305e-06
2.50932e-06
2.96912e-06
2.48616e-07
1.94415e-06
-2.56396e-06
3.11413e-07
-6.08655e-06
-1.79869e-06
-1.05081e-05
-3.86796e-06
-1.58945e-05
-4.75383e-06
-2.15385e-05
-3.14382e-06
-2.41392e-05
-1.53753e-05
-1.52267e-06
6.34725e-06
-2.61942e-06
1.07112e-05
-2.53811e-06
1.12259e-05
-1.60084e-06
1.05466e-05
-1.70319e-07
9.55934e-06
1.50272e-06
8.5315e-06
3.24801e-06
7.53941e-06
4.94188e-06
6.5792e-06
6.48362e-06
5.60935e-06
7.77877e-06
4.57148e-06
8.72798e-06
3.39893e-06
9.2194e-06
2.0179e-06
9.1214e-06
3.46617e-07
8.29166e-06
-1.73422e-06
6.5816e-06
-4.37649e-06
3.92385e-06
-7.85034e-06
5.86905e-07
-1.25575e-05
-2.36436e-06
-1.85872e-05
-2.85145e-06
-2.36521e-05
-1.82268e-05
-2.58624e-06
8.93349e-06
-3.21986e-06
1.13448e-05
-1.85125e-06
9.85726e-06
4.56559e-07
8.23883e-06
3.09872e-06
6.91718e-06
5.79101e-06
5.83921e-06
8.38343e-06
4.94699e-06
1.07822e-05
4.18038e-06
1.29156e-05
3.47602e-06
1.47124e-05
2.77462e-06
1.60894e-05
2.02196e-06
1.69413e-05
1.16599e-06
1.71308e-05
1.57124e-07
1.64944e-05
-1.0978e-06
1.48076e-05
-2.68972e-06
1.18213e-05
-4.86406e-06
7.41413e-06
-8.15031e-06
2.26582e-06
-1.34389e-05
-1.19456e-06
-2.01917e-05
-1.94213e-05
-2.63397e-06
1.15675e-05
-7.27605e-08
8.78359e-06
4.22846e-06
5.55603e-06
8.43858e-06
4.02871e-06
1.22661e-05
3.08962e-06
1.569e-05
2.4153e-06
1.87168e-05
1.92018e-06
2.1356e-05
1.54124e-06
2.36073e-05
1.22474e-06
2.54506e-05
9.31288e-07
2.68404e-05
6.3212e-07
2.76999e-05
3.06554e-07
2.79188e-05
-6.1795e-08
2.73554e-05
-5.34423e-07
2.5768e-05
-1.1023e-06
2.28109e-05
-1.90693e-06
1.79702e-05
-3.30968e-06
1.09286e-05
-6.39729e-06
3.18475e-06
-1.24478e-05
-1.62366e-05
1.15675e-05
2.03511e-05
2.59071e-05
2.99358e-05
3.30254e-05
3.54407e-05
3.73609e-05
3.89021e-05
4.01269e-05
4.10582e-05
4.16903e-05
4.19969e-05
4.19351e-05
4.14006e-05
4.02983e-05
3.83914e-05
3.50817e-05
2.86844e-05
1.62366e-05
)
;

boundaryField
{
    movingWall
    {
        type            calculated;
        value           uniform 0;
    }
    fixedWalls
    {
        type            calculated;
        value           uniform 0;
    }
    frontAndBack
    {
        type            empty;
    }
}


// ************************************************************************* //
