/*--------------------------------*- C++ -*----------------------------------*\
| =========                 |                                                 |
| \\      /  F ield         | OpenFOAM: The Open Source CFD Toolbox           |
|  \\    /   O peration     | Version:  2606                                  |
|   \\  /    A nd           | Website:  www.openfoam.com                      |
|    \\/     M anipulation  |                                                 |
\*---------------------------------------------------------------------------*/
FoamFile
{
    version     2.0;
    format      ascii;
    arch        "LSB;label=32;scalar=64";
    class       volVectorField;
    location    "2";
    object      U;
}
// * * * * * * * * * * * * * * * * * * * * * * * * * * * * * * * * * * * * * //

dimensions      [0 1 -1 0 0 0 0];

internalField   nonuniform List<vector> 
400
(
(0.000252529 -0.000255744 0)
(7.49732e-05 0.000124919 0)
(-0.00133512 0.000549595 0)
(-0.00363716 0.000825427 0)
(-0.00645155 0.000967188 0)
(-0.00947012 0.0010101 0)
(-0.012437 0.000972978 0)
(-0.0151157 0.000856646 0)
(-0.017263 0.000652496 0)
(-0.0186283 0.000355422 0)
(-0.018981 -2.38711e-05 0)
(-0.0181631 -0.000451797 0)
(-0.0161518 -0.000865097 0)
(-0.0131115 -0.00118289 0)
(-0.00941532 -0.00132371 0)
(-0.00561076 -0.00123097 0)
(-0.00232341 -0.000899159 0)
(-0.000108087 -0.000392535 0)
(0.000738841 0.000139523 0)
(0.000402819 0.000383578 0)
(-0.000140152 -8.95381e-05 0)
(-0.00192383 0.00183264 0)
(-0.00631347 0.00371128 0)
(-0.0124854 0.00497224 0)
(-0.0196726 0.00562039 0)
(-0.0272183 0.00574658 0)
(-0.0345102 0.00540719 0)
(-0.0409589 0.00461106 0)
(-0.0459826 0.00334838 0)
(-0.0490263 0.00163805 0)
(-0.0496269 -0.000427136 0)
(-0.0475068 -0.00265273 0)
(-0.0426832 -0.00474053 0)
(-0.0355544 -0.0063283 0)
(-0.0269201 -0.00706631 0)
(-0.0179122 -0.00672287 0)
(-0.00981063 -0.00529178 0)
(-0.00375256 -0.00306499 0)
(-0.000406292 -0.000668417 0)
(0.00027195 0.000773539 0)
(-0.000677648 0.00145264 0)
(-0.00434432 0.00638319 0)
(-0.0117944 0.0106779 0)
(-0.0215426 0.0135385 0)
(-0.0324902 0.0149599 0)
(-0.0437598 0.0150822 0)
(-0.0545078 0.0140012 0)
(-0.0639097 0.0117455 0)
(-0.0711636 0.00833361 0)
(-0.075525 0.00386624 0)
(-0.0763885 -0.00138838 0)
(-0.0734016 -0.00694447 0)
(-0.0665877 -0.0121097 0)
(-0.0564481 -0.016065 0)
(-0.0440012 -0.0180268 0)
(-0.0307222 -0.0174706 0)
(-0.0183352 -0.0143685 0)
(-0.00845272 -0.00935098 0)
(-0.00221458 -0.00374867 0)
(-5.59751e-05 0.000306213 0)
(-0.00117443 0.00433041 0)
(-0.00665434 0.0135952 0)
(-0.017054 0.0209371 0)
(-0.0301366 0.0256612 0)
(-0.0444656 0.0278739 0)
(-0.0590028 0.0278059 0)
(-0.0727598 0.0256047 0)
(-0.0847706 0.0213268 0)
(-0.0940974 0.0150357 0)
(-0.0998662 0.00694032 0)
(-0.101349 -0.00247979 0)
(-0.0980809 -0.0124049 0)
(-0.0899914 -0.0216833 0)
(-0.0775388 -0.0289499 0)
(-0.0618002 -0.0328649 0)
(-0.0444722 -0.0324698 0)
(-0.0276932 -0.0275946 0)
(-0.0136431 -0.0191675 0)
(-0.00414022 -0.00927916 0)
(-0.000362185 -0.00112889 0)
(-0.00160513 0.00841231 0)
(-0.00871742 0.0232502 0)
(-0.0218087 0.0341751 0)
(-0.0379165 0.0409211 0)
(-0.0552881 0.0438771 0)
(-0.0727684 0.0434415 0)
(-0.0892908 0.039841 0)
(-0.10382 0.0331663 0)
(-0.115343 0.0235211 0)
(-0.122888 0.0112104 0)
(-0.125591 -0.00309446 0)
(-0.122801 -0.018255 0)
(-0.11423 -0.0326535 0)
(-0.10013 -0.0443165 0)
(-0.0814716 -0.0512051 0)
(-0.0600632 -0.0517039 0)
(-0.0384696 -0.0452537 0)
(-0.0196075 -0.0329121 0)
(-0.00626562 -0.017535 0)
(-0.00065507 -0.00356293 0)
(-0.00196184 0.0135394 0)
(-0.0104604 0.035073 0)
(-0.0258686 0.0500836 0)
(-0.0445978 0.0590087 0)
(-0.0646298 0.0626923 0)
(-0.0847383 0.0617925 0)
(-0.103836 0.0566531 0)
(-0.120879 0.0474006 0)
(-0.134832 0.0341538 0)
(-0.144648 0.0172641 0)
(-0.14931 -0.00247323 0)
(-0.147917 -0.0236657 0)
(-0.139835 -0.0442727 0)
(-0.124935 -0.0616712 0)
(-0.103878 -0.0729537 0)
(-0.078417 -0.0755321 0)
(-0.0514951 -0.0680516 0)
(-0.0269303 -0.051368 0)
(-0.00886791 -0.0290554 0)
(-0.000998908 -0.00712428 0)
(-0.00223232 0.0195163 0)
(-0.0118105 0.0486861 0)
(-0.0290532 0.068226 0)
(-0.0498847 0.0794959 0)
(-0.0720887 0.0839489 0)
(-0.0944143 0.0825969 0)
(-0.115807 0.0759428 0)
(-0.135276 0.0641482 0)
(-0.151814 0.0473072 0)
(-0.16434 0.02574 0)
(-0.171693 0.000256368 0)
(-0.17269 -0.0276242 0)
(-0.166265 -0.0555314 0)
(-0.151735 -0.0802071 0)
(-0.129209 -0.0977276 0)
(-0.100104 -0.104155 0)
(-0.0675378 -0.0967519 0)
(-0.0362838 -0.0755744 0)
(-0.0123023 -0.0446936 0)
(-0.00147757 -0.0121209 0)
(-0.0024015 0.0261075 0)
(-0.0126945 0.06362 0)
(-0.0311858 0.0880424 0)
(-0.0534666 0.101813 0)
(-0.077194 0.107122 0)
(-0.101135 0.105425 0)
(-0.12432 0.0974323 0)
(-0.145867 0.0833413 0)
(-0.164867 0.0631786 0)
(-0.180275 0.0371417 0)
(-0.190845 0.0059181 0)
(-0.195146 -0.0290207 0)
(-0.191658 -0.0651407 0)
(-0.179028 -0.0986637 0)
(-0.156558 -0.1246 0)
(-0.12493 -0.137308 0)
(-0.0869974 -0.131922 0)
(-0.0482785 -0.106718 0)
(-0.0169656 -0.0656334 0)
(-0.00219356 -0.0190688 0)
(-0.00245856 0.0330393 0)
(-0.0130596 0.0793261 0)
(-0.0321281 0.108856 0)
(-0.0550697 0.125231 0)
(-0.0794763 0.131481 0)
(-0.10417 0.129593 0)
(-0.128307 0.120535 0)
(-0.151183 0.104559 0)
(-0.172064 0.0815918 0)
(-0.19004 0.0516234 0)
(-0.203908 0.0150766 0)
(-0.212106 -0.0268207 0)
(-0.212747 -0.0716209 0)
(-0.203798 -0.115281 0)
(-0.183552 -0.151881 0)
(-0.1515 -0.173889 0)
(-0.109537 -0.173528 0)
(-0.0632814 -0.14587 0)
(-0.0232794 -0.0933294 0)
(-0.00328093 -0.0287142 0)
(-0.00240863 0.0400199 0)
(-0.0129125 0.0952096 0)
(-0.0318507 0.129894 0)
(-0.0545544 0.148858 0)
(-0.078597 0.156053 0)
(-0.102884 0.154085 0)
(-0.126746 0.144251 0)
(-0.14971 0.12689 0)
(-0.171311 0.101824 0)
(-0.1909 0.0687861 0)
(-0.207484 0.0278173 0)
(-0.219574 -0.0202997 0)
(-0.225133 -0.0735078 0)
(-0.221598 -0.1279 0)
(-0.206204 -0.177024 0)
(-0.176864 -0.211603 0)
(-0.13366 -0.220388 0)
(-0.081149 -0.193504 0)
(-0.0316592 -0.129336 0)
(-0.00492773 -0.0420605 0)
(-0.00228862 0.0467864 0)
(-0.0123722 0.1107 0)
(-0.0305251 0.150341 0)
(-0.0520438 0.17166 0)
(-0.0745144 0.179621 0)
(-0.096965 0.177543 0)
(-0.118947 0.167132 0)
(-0.140282 0.148871 0)
(-0.160856 0.122514 0)
(-0.18041 0.0875293 0)
(-0.198346 0.0435242 0)
(-0.2135 -0.00932227 0)
(-0.224014 -0.0697034 0)
(-0.227116 -0.134295 0)
(-0.219191 -0.196793 0)
(-0.196436 -0.246811 0)
(-0.156345 -0.26963 0)
(-0.100846 -0.248809 0)
(-0.0424192 -0.174961 0)
(-0.00740101 -0.0604002 0)
(-0.00219013 0.0531874 0)
(-0.0117374 0.125369 0)
(-0.0286309 0.16943 0)
(-0.0480569 0.192531 0)
(-0.0676466 0.200777 0)
(-0.086626 0.198315 0)
(-0.104842 0.187341 0)
(-0.122473 0.168553 0)
(-0.139821 0.141692 0)
(-0.157109 0.106018 0)
(-0.174284 0.0607075 0)
(-0.190804 0.00526464 0)
(-0.205294 -0.0599473 0)
(-0.21522 -0.132731 0)
(-0.21667 -0.207794 0)
(-0.204406 -0.274781 0)
(-0.172947 -0.316402 0)
(-0.120026 -0.308886 0)
(-0.0555487 -0.230644 0)
(-0.0110541 -0.0853213 0)
(-0.00229855 0.0593179 0)
(-0.0115808 0.139098 0)
(-0.0270694 0.186564 0)
(-0.0436126 0.210361 0)
(-0.0589641 0.217995 0)
(-0.0727122 0.214558 0)
(-0.085125 0.202796 0)
(-0.0968125 0.183672 0)
(-0.108534 0.156982 0)
(-0.121032 0.121853 0)
(-0.134871 0.0771143 0)
(-0.150238 0.0216465 0)
(-0.166583 -0.0451582 0)
(-0.182167 -0.122639 0)
(-0.193481 -0.207347 0)
(-0.194656 -0.29048 0)
(-0.177565 -0.354129 0)
(-0.13476 -0.368123 0)
(-0.0702929 -0.294983 0)
(-0.0162655 -0.118595 0)
(-0.0029698 0.0657422 0)
(-0.012896 0.15229 0)
(-0.0272727 0.201404 0)
(-0.0402437 0.224078 0)
(-0.049911 0.229675 0)
(-0.0565521 0.224334 0)
(-0.0610603 0.211332 0)
(-0.064564 0.191886 0)
(-0.0682926 0.165874 0)
(-0.0734772 0.132371 0)
(-0.0812616 0.0899957 0)
(-0.0925654 0.0371682 0)
(-0.107811 -0.0275934 0)
(-0.12646 -0.105156 0)
(-0.146231 -0.19447 0)
(-0.161862 -0.289828 0)
(-0.163804 -0.375532 0)
(-0.139579 -0.418201 0)
(-0.0845195 -0.363536 0)
(-0.023207 -0.161745 0)
(-0.00487556 0.0738822 0)
(-0.017318 0.166088 0)
(-0.0312296 0.213838 0)
(-0.0397355 0.232539 0)
(-0.0418959 0.234073 0)
(-0.0392559 0.225605 0)
(-0.033616 0.210776 0)
(-0.026714 0.190927 0)
(-0.0202283 0.165969 0)
(-0.015791 0.134961 0)
(-0.0149993 0.0964376 0)
(-0.0193828 0.0485908 0)
(-0.0302715 -0.0106063 0)
(-0.0484608 -0.0832067 0)
(-0.0735092 -0.170534 0)
(-0.102153 -0.270996 0)
(-0.125494 -0.374228 0)
(-0.12769 -0.449051 0)
(-0.0939533 -0.428012 0)
(-0.031261 -0.215299 0)
(-0.00920989 0.0867533 0)
(-0.0272853 0.18248 0)
(-0.0409777 0.223636 0)
(-0.0428563 0.234117 0)
(-0.0344719 0.22898 0)
(-0.0195308 0.216033 0)
(-0.00103013 0.19885 0)
(0.0186456 0.178601 0)
(0.0374449 0.155086 0)
(0.0534757 0.127323 0)
(0.0648682 0.0938545 0)
(0.0696951 0.0528716 0)
(0.0659391 0.00221547 0)
(0.0516573 -0.0607312 0)
(0.0253383 -0.138962 0)
(-0.0127392 -0.234978 0)
(-0.0568217 -0.346158 0)
(-0.0910393 -0.450388 0)
(-0.091532 -0.476495 0)
(-0.0379188 -0.278306 0)
(-0.0176921 0.11046 0)
(-0.0451874 0.203445 0)
(-0.0554563 0.22869 0)
(-0.044383 0.225121 0)
(-0.0194761 0.210542 0)
(0.0124556 0.192174 0)
(0.0472445 0.172672 0)
(0.0820879 0.152547 0)
(0.114824 0.131245 0)
(0.143563 0.107679 0)
(0.16642 0.0804633 0)
(0.181341 0.0479725 0)
(0.18592 0.00827803 0)
(0.177493 -0.0411132 0)
(0.153037 -0.103695 0)
(0.109838 -0.184737 0)
(0.0485604 -0.289848 0)
(-0.0198185 -0.41252 0)
(-0.0671674 -0.493445 0)
(-0.037164 -0.346531 0)
(-0.0307459 0.15622 0)
(-0.0669561 0.225389 0)
(-0.0566167 0.21748 0)
(-0.0167424 0.194283 0)
(0.0345598 0.170097 0)
(0.0888026 0.147917 0)
(0.142149 0.128176 0)
(0.19239 0.110243 0)
(0.237975 0.0930388 0)
(0.277552 0.075368 0)
(0.309636 0.056011 0)
(0.332413 0.0336969 0)
(0.343469 0.00699329 0)
(0.339971 -0.0258929 0)
(0.31808 -0.0677882 0)
(0.272982 -0.124302 0)
(0.200181 -0.206538 0)
(0.100082 -0.327017 0)
(-0.0053408 -0.456533 0)
(-0.0153605 -0.398763 0)
(-0.0282494 0.226541 0)
(-0.0422065 0.22365 0)
(0.0373472 0.166033 0)
(0.127068 0.128175 0)
(0.2085 0.102264 0)
(0.281053 0.0828035 0)
(0.345502 0.0677797 0)
(0.402136 0.0557223 0)
(0.451049 0.0453061 0)
(0.492067 0.0354432 0)
(0.524572 0.0252462 0)
(0.547396 0.0139415 0)
(0.55863 0.000777373 0)
(0.555964 -0.014959 0)
(0.535591 -0.0349821 0)
(0.492035 -0.0626533 0)
(0.416969 -0.10755 0)
(0.297246 -0.193998 0)
(0.132912 -0.33316 0)
(0.0673991 -0.369503 0)
(0.261497 0.137371 0)
(0.324067 0.118081 0)
(0.455296 0.0773652 0)
(0.560425 0.051998 0)
(0.633185 0.0365675 0)
(0.687072 0.0263962 0)
(0.729622 0.0194596 0)
(0.763882 0.0145821 0)
(0.791353 0.0109123 0)
(0.812815 0.00784748 0)
(0.828445 0.00496717 0)
(0.837916 0.00196976 0)
(0.840468 -0.00138244 0)
(0.834788 -0.00514229 0)
(0.818688 -0.00988347 0)
(0.788861 -0.0164628 0)
(0.737891 -0.0274029 0)
(0.647964 -0.0517989 0)
(0.474687 -0.111387 0)
(0.341588 -0.15579 0)
)
;

boundaryField
{
    movingWall
    {
        type            fixedValue;
        value           uniform (1 0 0);
    }
    fixedWalls
    {
        type            noSlip;
    }
    frontAndBack
    {
        type            empty;
    }
}


// ************************************************************************* //
