/*--------------------------------*- C++ -*----------------------------------*\
| =========                 |                                                 |
| \\      /  F ield         | OpenFOAM: The Open Source CFD Toolbox           |
|  \\    /   O peration     | Version:  2606                                  |
|   \\  /    A nd           | Website:  www.openfoam.com                      |
|    \\/     M anipulation  |                                                 |
\*---------------------------------------------------------------------------*/
FoamFile
{
    version     2.0;
    format      ascii;
    arch        "LSB;label=32;scalar=64";
    class       volScalarField;
    location    "1.7";
    object      p;
}
// * * * * * * * * * * * * * * * * * * * * * * * * * * * * * * * * * * * * * //

dimensions      [0 2 -2 0 0 0 0];

internalField   nonuniform List<scalar> 
400
(
-6.83579e-07
-0.000633417
-0.00135265
-0.00191001
-0.00218355
-0.00211778
-0.00168884
-0.000888701
0.000270085
0.00173824
0.00341386
0.0051345
0.00669254
0.00786687
0.00847739
0.00844495
0.0078365
0.00687529
0.00591504
0.00535296
0.000626273
-3.41998e-05
-0.00059244
-0.000974798
-0.00114841
-0.00107784
-0.000740034
-0.000121577
0.00077576
0.00192047
0.00323711
0.00460344
0.00585134
0.00680243
0.00731042
0.00731118
0.00685858
0.00612691
0.00536462
0.00479729
0.00138962
0.000475268
-0.000114597
-0.000455542
-0.000614731
-0.000583832
-0.00034446
0.00012413
0.000836749
0.00178429
0.00291567
0.00412728
0.00526658
0.00615813
0.00664772
0.00665511
0.0062144
0.00547464
0.00462251
0.00381481
0.00197173
0.000731174
2.11688e-05
-0.000358832
-0.000568058
-0.000622482
-0.000505821
-0.000185555
0.000375438
0.00119494
0.00224629
0.00344053
0.00462327
0.00559781
0.00617178
0.00621981
0.00574047
0.00486638
0.00375685
0.00254748
0.00211075
0.000553861
-0.000297136
-0.000755752
-0.00106212
-0.00124967
-0.00129808
-0.00115676
-0.000759417
-5.41335e-05
0.000963414
0.00222444
0.00356971
0.00476927
0.00556853
0.00576447
0.00529046
0.00425166
0.00279463
0.0010687
0.00158161
-0.000252175
-0.00124601
-0.00181402
-0.00226468
-0.00264198
-0.00291547
-0.00300997
-0.00282215
-0.00225532
-0.0012608
0.000127534
0.0017535
0.00335075
0.00457959
0.00511696
0.00478173
0.00361708
0.00175114
-0.00062371
0.000198133
-0.00185816
-0.00298938
-0.0036964
-0.00434349
-0.00498039
-0.00556254
-0.00598511
-0.00609951
-0.00574962
-0.00481889
-0.00329086
-0.00128385
0.000908542
0.00284463
0.00402985
0.00409243
0.00294135
0.000642938
-0.0025507
-0.00218195
-0.00439677
-0.00565573
-0.00653091
-0.00743093
-0.00841002
-0.00940925
-0.0102921
-0.0108581
-0.010877
-0.0101398
-0.00853029
-0.00609441
-0.00311488
-0.000131151
0.00214073
0.0030342
0.00219589
-0.000480734
-0.00469786
-0.00564586
-0.00795023
-0.00932227
-0.0103886
-0.0115936
-0.0129995
-0.0145379
-0.0160432
-0.0172604
-0.0178728
-0.0175507
-0.0160306
-0.0132216
-0.0093272
-0.00494155
-0.00102557
0.00134229
0.001351
-0.00149926
-0.00695284
-0.0102142
-0.0125399
-0.0139985
-0.0152565
-0.0167926
-0.0186871
-0.0208723
-0.0231621
-0.0252504
-0.0267281
-0.0271225
-0.0259767
-0.0229975
-0.0182022
-0.012141
-0.00597967
-0.00129531
0.000395501
-0.00216952
-0.00901435
-0.015838
-0.0181256
-0.0196178
-0.0210173
-0.0228497
-0.0252327
-0.0281148
-0.0313017
-0.0344452
-0.0370474
-0.0384833
-0.0380685
-0.0352699
-0.0297811
-0.0219634
-0.0130506
-0.00510621
-0.000590816
-0.00204637
-0.0102453
-0.0224148
-0.0246228
-0.0260447
-0.0274425
-0.0294307
-0.0321951
-0.0357194
-0.0398127
-0.044095
-0.0479882
-0.0507307
-0.0514369
-0.0491788
-0.0433558
-0.0339491
-0.0220233
-0.00995171
-0.00125905
-0.000346531
-0.00943609
-0.0298358
-0.0319448
-0.0330976
-0.0342029
-0.0360553
-0.0389531
-0.0429296
-0.0478018
-0.0531596
-0.058352
-0.062487
-0.06447
-0.0630955
-0.0573279
-0.0466689
-0.0317573
-0.0149373
-0.000683022
0.00429299
-0.00444593
-0.0380893
-0.0400742
-0.040583
-0.040889
-0.0421328
-0.0447712
-0.0488858
-0.0542857
-0.0605147
-0.0668412
-0.0722486
-0.075457
-0.0750035
-0.0694577
-0.0578023
-0.0400565
-0.0181249
0.00298041
0.0141735
0.00824434
-0.0474769
-0.0491729
-0.0483184
-0.0470263
-0.0470139
-0.0489027
-0.0527803
-0.0584001
-0.0652169
-0.0723877
-0.0787583
-0.0828699
-0.0830239
-0.077451
-0.0646631
-0.0440106
-0.0166259
0.0126072
0.0327877
0.0337593
-0.059086
-0.0597509
-0.0561218
-0.0520754
-0.0500544
-0.0507099
-0.0540186
-0.0595919
-0.066724
-0.0744098
-0.0813211
-0.0858035
-0.0859269
-0.0796065
-0.0649492
-0.0407072
-0.0071116
0.0318606
0.064629
0.0784577
-0.0759474
-0.0729831
-0.0638751
-0.055562
-0.0507957
-0.049856
-0.0523983
-0.0577632
-0.0650051
-0.0728974
-0.0799004
-0.0841358
-0.083419
-0.0753129
-0.0574969
-0.0281448
0.0133664
0.0646995
0.115066
0.151106
-0.106706
-0.091036
-0.0716405
-0.0572963
-0.0491213
-0.046382
-0.0481349
-0.0532746
-0.0605207
-0.0683902
-0.0751254
-0.0786253
-0.0764387
-0.0657223
-0.0435982
-0.00729793
0.0451731
0.11332
0.191134
0.271668
-0.17823
-0.114528
-0.0747978
-0.053309
-0.0422407
-0.0384087
-0.0400607
-0.0455194
-0.0531256
-0.0611894
-0.0678275
-0.0708199
-0.0675223
-0.0547762
-0.0291208
0.0137162
0.078705
0.171361
0.299095
0.47331
-0.34498
-0.135756
-0.0555145
-0.0319421
-0.023097
-0.0213098
-0.0250606
-0.032479
-0.0416992
-0.0510171
-0.0586159
-0.0623606
-0.0597486
-0.0477972
-0.0222065
0.022131
0.094009
0.21134
0.409386
0.738668
)
;

boundaryField
{
    movingWall
    {
        type            zeroGradient;
    }
    fixedWalls
    {
        type            zeroGradient;
    }
    frontAndBack
    {
        type            empty;
    }
}


// ************************************************************************* //
