/*--------------------------------*- C++ -*----------------------------------*\
| =========                 |                                                 |
| \\      /  F ield         | OpenFOAM: The Open Source CFD Toolbox           |
|  \\    /   O peration     | Version:  2606                                  |
|   \\  /    A nd           | Website:  www.openfoam.com                      |
|    \\/     M anipulation  |                                                 |
\*---------------------------------------------------------------------------*/
FoamFile
{
    version     2.0;
    format      ascii;
    arch        "LSB;label=32;scalar=64";
    class       surfaceScalarField;
    location    "1.7";
    object      phi;
}
// * * * * * * * * * * * * * * * * * * * * * * * * * * * * * * * * * * * * * //

dimensions      [0 3 -1 0 0 0 0];

oriented        oriented;

internalField   nonuniform List<scalar> 
760
(
1.26404e-08
-1.26075e-08
-2.86517e-08
4.12921e-08
-1.2277e-07
9.41179e-08
-2.51469e-07
1.28699e-07
-3.97652e-07
1.46182e-07
-5.47449e-07
1.49797e-07
-6.8881e-07
1.4136e-07
-8.09888e-07
1.21078e-07
-8.98339e-07
8.84516e-08
-9.42037e-07
4.36972e-08
-9.3098e-07
-1.10565e-08
-8.60446e-07
-7.05345e-08
-7.33687e-07
-1.26759e-07
-5.64067e-07
-1.6962e-07
-3.74772e-07
-1.89295e-07
-1.95596e-07
-1.79176e-07
-5.66811e-08
-1.38915e-07
1.98619e-08
-7.6543e-08
2.98269e-08
-9.96494e-09
2.9827e-08
-4.31568e-08
3.05495e-08
-2.04718e-07
2.02853e-07
-4.69322e-07
3.58722e-07
-8.03174e-07
4.62551e-07
-1.17159e-06
5.14598e-07
-1.54258e-06
5.20789e-07
-1.88625e-06
4.85026e-07
-2.17345e-06
4.08283e-07
-2.37579e-06
2.90782e-07
-2.46762e-06
1.3553e-07
-2.43038e-06
-4.82942e-08
-2.25702e-06
-2.43897e-07
-1.95781e-06
-4.25969e-07
-1.56257e-06
-5.64864e-07
-1.11978e-06
-6.3208e-07
-6.90272e-07
-6.08685e-07
-3.35231e-07
-4.93956e-07
-1.00598e-07
-3.11176e-07
-1.1787e-09
-1.09384e-07
2.86484e-08
-1.10808e-07
1.41357e-07
-4.04513e-07
4.96557e-07
-8.34216e-07
7.88425e-07
-1.35028e-06
9.7862e-07
-1.9054e-06
1.06972e-06
-2.45566e-06
1.07104e-06
-2.95937e-06
9.8874e-07
-3.37605e-06
8.2496e-07
-3.66704e-06
5.8177e-07
-3.79848e-06
2.66975e-07
-3.74622e-06
-1.0056e-07
-3.50166e-06
-4.88453e-07
-3.07763e-06
-8.49997e-07
-2.51198e-06
-1.13052e-06
-1.86721e-06
-1.27685e-06
-1.22391e-06
-1.25198e-06
-6.6671e-07
-1.05116e-06
-2.64238e-07
-7.13648e-07
-4.83616e-08
-3.25261e-07
-1.97132e-08
-1.74342e-07
3.15699e-07
-5.95627e-07
9.17841e-07
-1.18187e-06
1.37467e-06
-1.86473e-06
1.66148e-06
-2.58568e-06
1.79067e-06
-3.2926e-06
1.77796e-06
-3.93657e-06
1.63271e-06
-4.4702e-06
1.35859e-06
-4.84824e-06
9.59804e-07
-5.03052e-06
4.49256e-07
-4.98697e-06
-1.44101e-07
-4.70381e-06
-7.71618e-07
-4.19035e-06
-1.36345e-06
-3.48472e-06
-1.83615e-06
-2.65632e-06
-2.10525e-06
-1.80175e-06
-2.10656e-06
-1.03076e-06
-1.82215e-06
-4.42415e-07
-1.30199e-06
-9.76249e-08
-6.70051e-07
-1.17338e-07
-2.30617e-07
5.46317e-07
-7.67763e-07
1.45499e-06
-1.4964e-06
2.10331e-06
-2.32993e-06
2.495e-06
-3.20015e-06
2.6609e-06
-4.04954e-06
2.62735e-06
-4.82542e-06
2.40859e-06
-5.47685e-06
2.01002e-06
-5.95424e-06
1.43719e-06
-6.21158e-06
7.06592e-07
-6.21088e-06
-1.44793e-07
-5.92811e-06
-1.05439e-06
-5.3619e-06
-1.92966e-06
-4.54233e-06
-2.65572e-06
-3.53875e-06
-3.10883e-06
-2.46124e-06
-3.18407e-06
-1.4494e-06
-2.83399e-06
-6.44403e-07
-2.10699e-06
-1.50098e-07
-1.16436e-06
-2.67436e-07
-2.78052e-07
8.24369e-07
-9.14355e-07
2.09129e-06
-1.76594e-06
2.95489e-06
-2.73059e-06
3.45966e-06
-3.73269e-06
3.663e-06
-4.71192e-06
3.60658e-06
-5.61484e-06
3.3115e-06
-6.38973e-06
2.78491e-06
-6.98464e-06
2.0321e-06
-7.34788e-06
1.06984e-06
-7.43159e-06
-6.10896e-08
-7.19656e-06
-1.28942e-06
-6.62332e-06
-2.5029e-06
-5.72433e-06
-3.5547e-06
-4.55941e-06
-4.27376e-06
-3.24658e-06
-4.4969e-06
-1.95831e-06
-4.12226e-06
-8.91815e-07
-3.17348e-06
-2.13472e-07
-1.8427e-06
-4.80909e-07
-3.14793e-07
1.13916e-06
-1.02906e-06
2.80555e-06
-1.97858e-06
3.90441e-06
-3.04932e-06
4.53039e-06
-4.16084e-06
4.77452e-06
-5.25265e-06
4.69839e-06
-6.27334e-06
4.33219e-06
-7.17328e-06
3.68485e-06
-7.90046e-06
2.75928e-06
-8.39902e-06
1.56839e-06
-8.60991e-06
1.49803e-07
-8.47705e-06
-1.42228e-06
-7.95562e-06
-3.02433e-06
-7.0302e-06
-4.48012e-06
-5.73773e-06
-5.56623e-06
-4.19182e-06
-6.04281e-06
-2.59411e-06
-5.71997e-06
-1.21054e-06
-4.55705e-06
-2.97345e-07
-2.7559e-06
-7.78253e-07
-3.3882e-07
1.47798e-06
-1.10559e-06
3.57232e-06
-2.12218e-06
4.921e-06
-3.26664e-06
5.67485e-06
-4.45637e-06
5.96426e-06
-5.63312e-06
5.87514e-06
-6.75026e-06
5.44933e-06
-7.76339e-06
4.69798e-06
-8.62388e-06
3.61977e-06
-9.27477e-06
2.21928e-06
-9.64913e-06
5.24156e-07
-9.67323e-06
-1.39818e-06
-9.27437e-06
-3.42319e-06
-8.39974e-06
-5.35475e-06
-7.04669e-06
-6.91928e-06
-5.30301e-06
-7.78649e-06
-3.38311e-06
-7.63987e-06
-1.62624e-06
-6.31392e-06
-4.12419e-07
-3.96972e-06
-1.19067e-06
-3.48614e-07
1.8266e-06
-1.13917e-06
4.36288e-06
-2.18647e-06
5.9683e-06
-3.36404e-06
6.85242e-06
-4.58933e-06
7.18954e-06
-5.80845e-06
7.09426e-06
-6.98228e-06
6.62316e-06
-8.07517e-06
5.79087e-06
-9.04639e-06
4.59099e-06
-9.84353e-06
3.01642e-06
-1.03979e-05
1.07853e-06
-1.06235e-05
-1.17257e-06
-1.04219e-05
-3.62476e-06
-9.69784e-06
-6.07885e-06
-8.39232e-06
-8.2248e-06
-6.53792e-06
-9.64089e-06
-4.32779e-06
-9.84999e-06
-2.15979e-06
-8.48193e-06
-5.70543e-07
-5.55896e-06
-1.76122e-06
-3.4431e-07
2.17091e-06
-1.12925e-06
5.14782e-06
-2.16733e-06
7.00638e-06
-3.32967e-06
8.01477e-06
-4.5355e-06
8.39536e-06
-5.7373e-06
8.29607e-06
-6.90603e-06
7.79189e-06
-8.01852e-06
6.90336e-06
-9.04729e-06
5.61975e-06
-9.95189e-06
3.92103e-06
-1.06713e-05
1.79793e-06
-1.11174e-05
-7.26489e-07
-1.11763e-05
-3.56582e-06
-1.07127e-05
-6.54251e-06
-9.6007e-06
-9.33676e-06
-7.78619e-06
-1.14554e-05
-5.38946e-06
-1.22467e-05
-2.82034e-06
-1.1051e-05
-7.84968e-07
-7.59433e-06
-2.54618e-06
-3.29259e-07
2.50017e-06
-1.08325e-06
5.90182e-06
-2.07234e-06
7.99546e-06
-3.16569e-06
9.10812e-06
-4.28605e-06
9.51572e-06
-5.39462e-06
9.40464e-06
-6.47517e-06
8.87244e-06
-7.52058e-06
7.94877e-06
-8.52184e-06
6.62101e-06
-9.4582e-06
4.85739e-06
-1.02878e-05
2.62756e-06
-1.0933e-05
-8.12647e-08
-1.12838e-05
-3.21503e-06
-1.11768e-05
-6.64955e-06
-1.04226e-05
-1.0091e-05
-8.8575e-06
-1.30205e-05
-6.46892e-06
-1.46353e-05
-3.59345e-06
-1.39265e-05
-1.06991e-06
-1.01179e-05
-3.61609e-06
-3.12112e-07
2.81228e-06
-1.02104e-06
6.61075e-06
-1.92688e-06
8.9013e-06
-2.89569e-06
1.00769e-05
-3.8568e-06
1.04768e-05
-4.78402e-06
1.03319e-05
-5.6773e-06
9.76573e-06
-6.54878e-06
8.82024e-06
-7.41188e-06
7.4841e-06
-8.27155e-06
5.71706e-06
-9.11331e-06
3.46931e-06
-9.89366e-06
6.99092e-07
-1.05131e-05
-2.59563e-06
-1.08142e-05
-6.34838e-06
-1.05641e-05
-1.03412e-05
-9.48857e-06
-1.4096e-05
-7.39224e-06
-1.67316e-05
-4.42363e-06
-1.68951e-05
-1.43775e-06
-1.31037e-05
-5.05384e-06
-3.10034e-07
3.12231e-06
-9.80411e-07
7.28113e-06
-1.77971e-06
9.7006e-06
-2.56955e-06
1.08668e-05
-3.29304e-06
1.12003e-05
-3.9438e-06
1.09826e-05
-4.54288e-06
1.03648e-05
-5.12445e-06
9.40182e-06
-5.72627e-06
8.08592e-06
-6.3816e-06
6.3724e-06
-7.11006e-06
4.19776e-06
-7.90546e-06
1.4945e-06
-8.71196e-06
-1.78913e-06
-9.40201e-06
-5.65833e-06
-9.74054e-06
-1.00026e-05
-9.37521e-06
-1.44613e-05
-7.91151e-06
-1.81953e-05
-5.19454e-06
-1.96121e-05
-1.8907e-06
-1.64076e-05
-6.94454e-06
-3.54433e-07
3.47674e-06
-1.02396e-06
7.95065e-06
-1.70603e-06
1.03827e-05
-2.26172e-06
1.14225e-05
-2.6638e-06
1.16024e-05
-2.93843e-06
1.12573e-05
-3.13475e-06
1.05611e-05
-3.31138e-06
9.57845e-06
-3.52987e-06
8.30441e-06
-3.85005e-06
6.69258e-06
-4.32441e-06
4.67213e-06
-4.98858e-06
2.15867e-06
-5.84226e-06
-9.35463e-07
-6.81874e-06
-4.68184e-06
-7.7329e-06
-9.08847e-06
-8.21976e-06
-1.39744e-05
-7.72383e-06
-1.86913e-05
-5.71262e-06
-2.16233e-05
-2.40228e-06
-1.97179e-05
-9.34682e-06
-5.01421e-07
3.97816e-06
-1.24606e-06
8.69529e-06
-1.80115e-06
1.09378e-05
-2.05138e-06
1.16727e-05
-2.03136e-06
1.15824e-05
-1.81934e-06
1.10452e-05
-1.50133e-06
1.02431e-05
-1.1622e-06
9.23932e-06
-8.84558e-07
8.02677e-06
-7.49436e-07
6.55745e-06
-8.35611e-07
4.7583e-06
-1.21599e-06
2.53905e-06
-1.94683e-06
-2.04631e-07
-3.04043e-06
-3.58824e-06
-4.41028e-06
-7.71862e-06
-5.76713e-06
-1.26176e-05
-6.49527e-06
-1.79631e-05
-5.6949e-06
-2.24237e-05
-2.88429e-06
-2.25285e-05
-1.22311e-05
-8.46361e-07
4.82452e-06
-1.76515e-06
9.61408e-06
-2.13392e-06
1.13065e-05
-1.94434e-06
1.14831e-05
-1.35101e-06
1.0989e-05
-5.09558e-07
1.02038e-05
4.4942e-07
9.28413e-06
1.41601e-06
8.27273e-06
2.29178e-06
7.151e-06
2.98245e-06
5.86678e-06
3.39228e-06
4.34848e-06
3.42154e-06
2.5098e-06
2.96775e-06
2.49159e-07
1.94292e-06
-2.56341e-06
3.10351e-07
-6.08605e-06
-1.79956e-06
-1.05077e-05
-3.8686e-06
-1.58941e-05
-4.75419e-06
-2.15381e-05
-3.14393e-06
-2.41388e-05
-1.5375e-05
-1.52277e-06
6.3473e-06
-2.61976e-06
1.07111e-05
-2.53874e-06
1.12255e-05
-1.60178e-06
1.05462e-05
-1.71537e-07
9.55879e-06
1.50128e-06
8.53098e-06
3.24641e-06
7.53899e-06
4.94021e-06
6.57894e-06
6.48195e-06
5.60926e-06
7.77716e-06
4.57156e-06
8.72648e-06
3.39916e-06
9.21804e-06
2.01823e-06
9.1202e-06
3.47001e-07
8.29062e-06
-1.73383e-06
6.58071e-06
-4.37615e-06
3.92312e-06
-7.85008e-06
5.86366e-07
-1.25573e-05
-2.3647e-06
-1.8587e-05
-2.85157e-06
-2.36519e-05
-1.82266e-05
-2.58628e-06
8.93358e-06
-3.22003e-06
1.13448e-05
-1.85164e-06
9.85714e-06
4.55916e-07
8.23859e-06
3.09783e-06
6.91688e-06
5.7899e-06
5.83891e-06
8.38216e-06
4.94674e-06
1.07809e-05
4.18021e-06
1.29142e-05
3.47596e-06
1.47111e-05
2.77465e-06
1.60882e-05
2.02209e-06
1.69402e-05
1.16618e-06
1.71299e-05
1.57346e-07
1.64936e-05
-1.09757e-06
1.4807e-05
-2.68953e-06
1.18208e-05
-4.86393e-06
7.41374e-06
-8.15024e-06
2.26557e-06
-1.34388e-05
-1.19468e-06
-2.01917e-05
-1.94213e-05
-2.63393e-06
1.15675e-05
-7.27501e-08
8.78363e-06
4.22838e-06
5.55601e-06
8.43833e-06
4.02864e-06
1.22657e-05
3.08952e-06
1.56894e-05
2.4152e-06
1.8716e-05
1.92009e-06
2.13551e-05
1.54117e-06
2.36063e-05
1.22472e-06
2.54497e-05
9.31305e-07
2.68396e-05
6.3217e-07
2.76991e-05
3.06623e-07
2.79182e-05
-6.16956e-08
2.7355e-05
-5.3435e-07
2.57677e-05
-1.10224e-06
2.28106e-05
-1.90689e-06
1.79701e-05
-3.30967e-06
1.09285e-05
-6.3973e-06
3.18471e-06
-1.24479e-05
-1.62366e-05
1.15675e-05
2.03511e-05
2.59071e-05
2.99358e-05
3.30253e-05
3.54405e-05
3.73606e-05
3.89018e-05
4.01265e-05
4.10578e-05
4.169e-05
4.19966e-05
4.19349e-05
4.14005e-05
4.02983e-05
3.83914e-05
3.50817e-05
2.86844e-05
1.62366e-05
)
;

boundaryField
{
    movingWall
    {
        type            calculated;
        value           uniform 0;
    }
    fixedWalls
    {
        type            calculated;
        value           uniform 0;
    }
    frontAndBack
    {
        type            empty;
    }
}


// ************************************************************************* //
