/*--------------------------------*- C++ -*----------------------------------*\
| =========                 |                                                 |
| \\      /  F ield         | OpenFOAM: The Open Source CFD Toolbox           |
|  \\    /   O peration     | Version:  2606                                  |
|   \\  /    A nd           | Website:  www.openfoam.com                      |
|    \\/     M anipulation  |                                                 |
\*---------------------------------------------------------------------------*/
FoamFile
{
    version     2.0;
    format      ascii;
    arch        "LSB;label=32;scalar=64";
    class       volVectorField;
    location    "1.7";
    object      U;
}
// * * * * * * * * * * * * * * * * * * * * * * * * * * * * * * * * * * * * * //

dimensions      [0 1 -1 0 0 0 0];

internalField   nonuniform List<vector> 
400
(
(0.000252935 -0.000255101 0)
(7.55661e-05 0.000125265 0)
(-0.00133467 0.000549639 0)
(-0.00363634 0.000825305 0)
(-0.00645009 0.000966982 0)
(-0.00946791 0.00100985 0)
(-0.0124341 0.000972726 0)
(-0.015112 0.000856419 0)
(-0.0172588 0.000652329 0)
(-0.0186238 0.000355348 0)
(-0.0189766 -2.38275e-05 0)
(-0.0181591 -0.000451628 0)
(-0.0161485 -0.000864824 0)
(-0.0131092 -0.00118256 0)
(-0.00941397 -0.00132338 0)
(-0.00561031 -0.00123072 0)
(-0.00232359 -0.000899041 0)
(-0.000108528 -0.000392565 0)
(0.000738482 0.000139381 0)
(0.000402695 0.000383456 0)
(-0.000139857 -8.85798e-05 0)
(-0.00192291 0.00183288 0)
(-0.00631154 0.0037107 0)
(-0.0124819 0.00497113 0)
(-0.0196672 0.00561899 0)
(-0.0272108 0.00574509 0)
(-0.0345009 0.00540578 0)
(-0.040948 0.0046099 0)
(-0.0459705 0.00334763 0)
(-0.0490138 0.00163784 0)
(-0.0496147 -0.000426714 0)
(-0.0474957 -0.00265169 0)
(-0.0426738 -0.00473898 0)
(-0.0355473 -0.00632648 0)
(-0.0269153 -0.00706452 0)
(-0.0179096 -0.00672142 0)
(-0.00980972 -0.0052909 0)
(-0.00375262 -0.00306476 0)
(-0.00040662 -0.000668708 0)
(0.0002718 0.000773175 0)
(-0.000677333 0.00145282 0)
(-0.00434279 0.00638205 0)
(-0.0117907 0.0106754 0)
(-0.0215361 0.013535 0)
(-0.0324805 0.0149559 0)
(-0.0437471 0.0150782 0)
(-0.0544923 0.0139976 0)
(-0.0638919 0.0117426 0)
(-0.0711444 0.00833193 0)
(-0.0755053 0.00386601 0)
(-0.0763694 -0.00138704 0)
(-0.0733841 -0.00694164 0)
(-0.0665728 -0.0121057 0)
(-0.0564363 -0.0160604 0)
(-0.0439927 -0.0180222 0)
(-0.0307169 -0.0174667 0)
(-0.0183326 -0.0143658 0)
(-0.00845185 -0.00934982 0)
(-0.00221457 -0.00374875 0)
(-5.60691e-05 0.000305697 0)
(-0.00117399 0.00432951 0)
(-0.00665207 0.0135917 0)
(-0.0170485 0.0209314 0)
(-0.0301271 0.0256541 0)
(-0.0444521 0.0278663 0)
(-0.0589854 0.0277985 0)
(-0.0727389 0.0255982 0)
(-0.084747 0.0213219 0)
(-0.0940722 0.0150329 0)
(-0.0998406 0.00694021 0)
(-0.101324 -0.00247716 0)
(-0.0980581 -0.0123997 0)
(-0.0899715 -0.0216762 0)
(-0.0775226 -0.0289416 0)
(-0.061788 -0.0328565 0)
(-0.044464 -0.0324625 0)
(-0.0276886 -0.0275894 0)
(-0.0136411 -0.0191646 0)
(-0.00413977 -0.00927852 0)
(-0.000362201 -0.00112935 0)
(-0.00160455 0.00841 0)
(-0.00871449 0.0232436 0)
(-0.0218016 0.0341654 0)
(-0.0379047 0.0409096 0)
(-0.0552715 0.0438651 0)
(-0.0727474 0.0434301 0)
(-0.089266 0.0398313 0)
(-0.103792 0.0331592 0)
(-0.115314 0.0235174 0)
(-0.122858 0.0112105 0)
(-0.125562 -0.00309038 0)
(-0.122774 -0.0182472 0)
(-0.114207 -0.0326428 0)
(-0.10011 -0.0443041 0)
(-0.0814561 -0.0511923 0)
(-0.0600522 -0.0516924 0)
(-0.038463 -0.0452449 0)
(-0.0196043 -0.0329067 0)
(-0.00626469 -0.0175331 0)
(-0.000655005 -0.00356309 0)
(-0.00196117 0.0135354 0)
(-0.010457 0.0350626 0)
(-0.0258606 0.0500691 0)
(-0.0445847 0.0589922 0)
(-0.0646115 0.0626755 0)
(-0.0847152 0.0617768 0)
(-0.103809 0.05664 0)
(-0.120849 0.0473911 0)
(-0.1348 0.0341489 0)
(-0.144616 0.0172643 0)
(-0.149279 -0.00246776 0)
(-0.147887 -0.0236554 0)
(-0.139809 -0.0442585 0)
(-0.124912 -0.0616545 0)
(-0.10386 -0.0729363 0)
(-0.0784036 -0.0755159 0)
(-0.0514865 -0.0680386 0)
(-0.0269258 -0.0513595 0)
(-0.00886649 -0.0290515 0)
(-0.000998754 -0.00712389 0)
(-0.00223163 0.0195104 0)
(-0.011807 0.0486717 0)
(-0.0290451 0.0682066 0)
(-0.0498714 0.0794741 0)
(-0.0720702 0.0839271 0)
(-0.0943913 0.082577 0)
(-0.11578 0.0759263 0)
(-0.135246 0.0641364 0)
(-0.151782 0.0473012 0)
(-0.164309 0.0257403 0)
(-0.171662 0.000263031 0)
(-0.17266 -0.0276116 0)
(-0.166238 -0.055514 0)
(-0.151711 -0.0801863 0)
(-0.129189 -0.0977054 0)
(-0.100088 -0.104134 0)
(-0.0675274 -0.0967341 0)
(-0.0362783 -0.0755619 0)
(-0.0123003 -0.0446872 0)
(-0.00147731 -0.0121197 0)
(-0.00240087 0.0260997 0)
(-0.0126913 0.0636017 0)
(-0.0311783 0.0880182 0)
(-0.0534544 0.101786 0)
(-0.0771772 0.107095 0)
(-0.101115 0.105402 0)
(-0.124295 0.0974127 0)
(-0.14584 0.0833276 0)
(-0.164839 0.0631716 0)
(-0.180246 0.037142 0)
(-0.190817 0.00592564 0)
(-0.195119 -0.0290065 0)
(-0.191633 -0.0651209 0)
(-0.179005 -0.0986396 0)
(-0.156538 -0.124573 0)
(-0.124914 -0.137282 0)
(-0.0869861 -0.131899 0)
(-0.0482719 -0.106701 0)
(-0.0169631 -0.065624 0)
(-0.00219319 -0.0190665 0)
(-0.00245809 0.0330299 0)
(-0.0130571 0.0793045 0)
(-0.0321222 0.108828 0)
(-0.0550599 0.1252 0)
(-0.0794629 0.131451 0)
(-0.104153 0.129565 0)
(-0.128289 0.120513 0)
(-0.151162 0.104544 0)
(-0.172042 0.0815842 0)
(-0.190019 0.0516237 0)
(-0.203887 0.0150847 0)
(-0.212086 -0.0268055 0)
(-0.212727 -0.0715995 0)
(-0.203779 -0.115255 0)
(-0.183535 -0.151852 0)
(-0.151486 -0.173859 0)
(-0.109526 -0.1735 0)
(-0.0632744 -0.145848 0)
(-0.0232766 -0.0933165 0)
(-0.00328042 -0.0287105 0)
(-0.00240839 0.0400095 0)
(-0.0129111 0.0951855 0)
(-0.0318471 0.129863 0)
(-0.0545483 0.148823 0)
(-0.0785885 0.156019 0)
(-0.102874 0.154055 0)
(-0.126735 0.144227 0)
(-0.149698 0.126874 0)
(-0.171298 0.101816 0)
(-0.190888 0.0687866 0)
(-0.207472 0.0278257 0)
(-0.219562 -0.0202841 0)
(-0.225122 -0.0734859 0)
(-0.221587 -0.127873 0)
(-0.206193 -0.176994 0)
(-0.176853 -0.211571 0)
(-0.133651 -0.220357 0)
(-0.0811423 -0.193478 0)
(-0.0316561 -0.12932 0)
(-0.00492708 -0.0420552 0)
(-0.00228867 0.0467755 0)
(-0.0123721 0.110675 0)
(-0.0305244 0.150308 0)
(-0.0520422 0.171625 0)
(-0.074512 0.179586 0)
(-0.0969621 0.177512 0)
(-0.118944 0.167108 0)
(-0.14028 0.148855 0)
(-0.160854 0.122506 0)
(-0.180409 0.0875303 0)
(-0.198346 0.043533 0)
(-0.2135 -0.00930651 0)
(-0.224013 -0.0696821 0)
(-0.227115 -0.134269 0)
(-0.219188 -0.196763 0)
(-0.196431 -0.246779 0)
(-0.156339 -0.269599 0)
(-0.100841 -0.248781 0)
(-0.0424162 -0.174942 0)
(-0.00740027 -0.0603933 0)
(-0.00219048 0.0531768 0)
(-0.0117387 0.125344 0)
(-0.0286333 0.169397 0)
(-0.0480603 0.192495 0)
(-0.0676509 0.200743 0)
(-0.0866313 0.198285 0)
(-0.104848 0.187318 0)
(-0.122481 0.168538 0)
(-0.139831 0.141686 0)
(-0.157119 0.10602 0)
(-0.174295 0.0607168 0)
(-0.190816 0.00528002 0)
(-0.205305 -0.0599271 0)
(-0.215229 -0.132708 0)
(-0.216676 -0.207767 0)
(-0.204409 -0.274752 0)
(-0.172947 -0.316372 0)
(-0.120023 -0.308858 0)
(-0.0555464 -0.230622 0)
(-0.0110533 -0.0853129 0)
(-0.00229919 0.0593085 0)
(-0.0115835 0.139075 0)
(-0.027075 0.186533 0)
(-0.043621 0.210327 0)
(-0.0589751 0.217962 0)
(-0.0727256 0.21453 0)
(-0.0851407 0.202775 0)
(-0.0968303 0.183659 0)
(-0.108554 0.156977 0)
(-0.121053 0.121855 0)
(-0.134893 0.0771238 0)
(-0.15026 0.0216612 0)
(-0.166604 -0.0451398 0)
(-0.182185 -0.122618 0)
(-0.193496 -0.207324 0)
(-0.194667 -0.290455 0)
(-0.177571 -0.354102 0)
(-0.134762 -0.368097 0)
(-0.070292 -0.294961 0)
(-0.0162649 -0.118585 0)
(-0.00297067 0.0657345 0)
(-0.0128998 0.152271 0)
(-0.027281 0.201377 0)
(-0.0402566 0.224048 0)
(-0.049928 0.229646 0)
(-0.0565728 0.224309 0)
(-0.061084 0.211313 0)
(-0.0645902 0.191875 0)
(-0.0683205 0.165871 0)
(-0.0735061 0.132375 0)
(-0.0812908 0.0900053 0)
(-0.092594 0.0371822 0)
(-0.107838 -0.0275767 0)
(-0.126485 -0.105138 0)
(-0.146252 -0.194452 0)
(-0.161879 -0.289808 0)
(-0.163815 -0.375511 0)
(-0.139584 -0.418179 0)
(-0.0845205 -0.363517 0)
(-0.0232067 -0.161735 0)
(-0.00487658 0.073877 0)
(-0.0173227 0.166073 0)
(-0.03124 0.213816 0)
(-0.0397518 0.232513 0)
(-0.0419175 0.234048 0)
(-0.039282 0.225584 0)
(-0.0336455 0.21076 0)
(-0.026746 0.190918 0)
(-0.0202616 0.165967 0)
(-0.0158246 0.134965 0)
(-0.0150324 0.0964467 0)
(-0.0194146 0.0486036 0)
(-0.0303013 -0.0105916 0)
(-0.0484882 -0.0831916 0)
(-0.0735333 -0.170519 0)
(-0.102173 -0.270982 0)
(-0.125508 -0.374214 0)
(-0.127699 -0.449035 0)
(-0.0939562 -0.427996 0)
(-0.0312612 -0.21529 0)
(-0.00921088 0.0867508 0)
(-0.0272902 0.182471 0)
(-0.0409888 0.22362 0)
(-0.042874 0.234098 0)
(-0.0344955 0.22896 0)
(-0.0195594 0.216016 0)
(-0.00106239 0.198837 0)
(0.018611 0.178594 0)
(0.0374095 0.155084 0)
(0.0534406 0.127327 0)
(0.0648345 0.0938623 0)
(0.0696635 0.0528824 0)
(0.0659101 0.00222777 0)
(0.0516312 -0.0607189 0)
(0.0253152 -0.138951 0)
(-0.0127587 -0.234968 0)
(-0.0568369 -0.346149 0)
(-0.0910491 -0.450378 0)
(-0.0915362 -0.476485 0)
(-0.0379195 -0.278299 0)
(-0.0176928 0.11046 0)
(-0.0451914 0.20344 0)
(-0.055466 0.22868 0)
(-0.0443989 0.225108 0)
(-0.0194979 0.210528 0)
(0.0124288 0.192161 0)
(0.0472139 0.172662 0)
(0.082055 0.15254 0)
(0.114791 0.131243 0)
(0.143529 0.107681 0)
(0.166388 0.080469 0)
(0.181312 0.0479807 0)
(0.185895 0.00828744 0)
(0.17747 -0.0411038 0)
(0.153018 -0.103687 0)
(0.109822 -0.18473 0)
(0.0485474 -0.289843 0)
(-0.0198275 -0.412516 0)
(-0.0671717 -0.493439 0)
(-0.037165 -0.346526 0)
(-0.030746 0.156222 0)
(-0.0669579 0.225388 0)
(-0.0566223 0.217476 0)
(-0.0167527 0.194276 0)
(0.0345444 0.170089 0)
(0.0887824 0.147908 0)
(0.142125 0.12817 0)
(0.192363 0.110239 0)
(0.237948 0.093037 0)
(0.277524 0.0753691 0)
(0.30961 0.0560144 0)
(0.332389 0.0337021 0)
(0.343448 0.00699948 0)
(0.339954 -0.0258867 0)
(0.318066 -0.0677829 0)
(0.272971 -0.124298 0)
(0.200172 -0.206535 0)
(0.100076 -0.327016 0)
(-0.0053441 -0.456531 0)
(-0.0153614 -0.398762 0)
(-0.028249 0.226543 0)
(-0.0422058 0.223651 0)
(0.0373467 0.166033 0)
(0.127065 0.128173 0)
(0.208493 0.10226 0)
(0.281042 0.0827998 0)
(0.345487 0.0677764 0)
(0.402119 0.05572 0)
(0.45103 0.0453052 0)
(0.492048 0.0354437 0)
(0.524554 0.0252479 0)
(0.54738 0.013944 0)
(0.558616 0.000780174 0)
(0.555954 -0.0149562 0)
(0.535583 -0.0349797 0)
(0.492029 -0.0626516 0)
(0.416965 -0.107549 0)
(0.297243 -0.193998 0)
(0.13291 -0.333159 0)
(0.0673986 -0.369503 0)
(0.261498 0.137372 0)
(0.324068 0.118082 0)
(0.455298 0.0773655 0)
(0.560425 0.0519978 0)
(0.633184 0.0365669 0)
(0.687069 0.0263954 0)
(0.729617 0.0194589 0)
(0.763875 0.0145817 0)
(0.791345 0.0109121 0)
(0.812807 0.00784765 0)
(0.828438 0.00496763 0)
(0.83791 0.00197042 0)
(0.840463 -0.00138187 0)
(0.834785 -0.00514169 0)
(0.818686 -0.00988293 0)
(0.788861 -0.0164625 0)
(0.737891 -0.0274027 0)
(0.647964 -0.0517989 0)
(0.474687 -0.111387 0)
(0.341588 -0.15579 0)
)
;

boundaryField
{
    movingWall
    {
        type            fixedValue;
        value           uniform (1 0 0);
    }
    fixedWalls
    {
        type            noSlip;
    }
    frontAndBack
    {
        type            empty;
    }
}


// ************************************************************************* //
