/*--------------------------------*- C++ -*----------------------------------*\
| =========                 |                                                 |
| \\      /  F ield         | OpenFOAM: The Open Source CFD Toolbox           |
|  \\    /   O peration     | Version:  2606                                  |
|   \\  /    A nd           | Website:  www.openfoam.com                      |
|    \\/     M anipulation  |                                                 |
\*---------------------------------------------------------------------------*/
FoamFile
{
    version     2.0;
    format      ascii;
    arch        "LSB;label=32;scalar=64";
    class       volScalarField;
    location    "0.7";
    object      p;
}
// * * * * * * * * * * * * * * * * * * * * * * * * * * * * * * * * * * * * * //

dimensions      [0 2 -2 0 0 0 0];

internalField   nonuniform List<scalar> 
400
(
-5.70737e-08
-0.000600143
-0.00126979
-0.00177452
-0.00199842
-0.00188994
-0.00142872
-0.00061006
0.00055133
0.00200674
0.00365869
0.00535324
0.00689337
0.00806818
0.00870377
0.00872017
0.00817572
0.00727937
0.00636324
0.00581697
0.000593225
-3.22884e-05
-0.00054982
-0.000888828
-0.00101766
-0.000903364
-0.00052624
0.000123257
0.00104009
0.00219158
0.00350443
0.00486214
0.00610485
0.00706268
0.00759476
0.00763673
0.00723588
0.00655518
0.00582929
0.00527731
0.00130187
0.000438487
-0.000108439
-0.000407353
-0.000520123
-0.000439265
-0.000149913
0.000363638
0.00111113
0.00208019
0.00321996
0.00443138
0.00556956
0.00646795
0.00697889
0.00702332
0.00663023
0.00593883
0.00512494
0.00433869
0.00183166
0.000661271
1.29126e-06
-0.000332345
-0.000487409
-0.00047966
-0.000297149
8.57493e-05
0.000698688
0.00155372
0.00262225
0.00381905
0.00499777
0.00597245
0.0065597
0.00663809
0.0062032
0.00537888
0.00431487
0.00314066
0.00194124
0.000471257
-0.000321672
-0.000725804
-0.000964723
-0.00107148
-0.00103177
-0.000804431
-0.000333643
0.000423414
0.00146585
0.00273034
0.00406349
0.0052487
0.0060442
0.00625544
0.00581682
0.00482685
0.00342345
0.00174938
0.00142365
-0.00031239
-0.00124061
-0.00174272
-0.0021073
-0.00237875
-0.00253507
-0.0025138
-0.00222585
-0.00158809
-0.000563105
0.000832842
0.00243476
0.0039946
0.00519086
0.00571568
0.00539561
0.00427157
0.00246465
0.000159025
0.000105622
-0.00185014
-0.00290956
-0.00353657
-0.00407429
-0.00457454
-0.00500411
-0.0052748
-0.00525659
-0.00480842
-0.00381987
-0.00229598
-0.000331158
0.00179279
0.00365497
0.004784
0.00482557
0.00369432
0.00145343
-0.00165532
-0.00214983
-0.00427051
-0.0054537
-0.00623317
-0.00699755
-0.00780534
-0.00861222
-0.0093022
-0.00969764
-0.00958877
-0.00878033
-0.00716607
-0.00478645
-0.00190967
0.000949702
0.00310688
0.00392477
0.0030681
0.000435704
-0.00368581
-0.00543387
-0.00765998
-0.00895545
-0.0099108
-0.0109538
-0.0121534
-0.013459
-0.0147293
-0.0157363
-0.0161882
-0.0157746
-0.0142421
-0.0115003
-0.00773987
-0.00352975
0.000205447
0.00242813
0.00236136
-0.000474479
-0.00583135
-0.00978059
-0.0120529
-0.0134387
-0.0145741
-0.015926
-0.017584
-0.0195011
-0.0215191
-0.0233628
-0.0246523
-0.0249366
-0.0237709
-0.0208662
-0.0162271
-0.0103817
-0.00445993
7.43426e-06
0.00155284
-0.00104561
-0.00780812
-0.0151627
-0.0174294
-0.0188592
-0.0201321
-0.0217678
-0.0238946
-0.0264847
-0.0293755
-0.0322538
-0.0346537
-0.035973
-0.0355357
-0.0328229
-0.0275034
-0.0199215
-0.0112824
-0.00360764
0.00069714
-0.000851346
-0.00900298
-0.0215044
-0.02373
-0.025108
-0.0263875
-0.028181
-0.0306853
-0.0339098
-0.0376998
-0.0417148
-0.045412
-0.0480547
-0.0487694
-0.046605
-0.04096
-0.0317907
-0.0201389
-0.00834936
9.78472e-05
0.000863661
-0.0082344
-0.0287253
-0.030893
-0.0320304
-0.0330413
-0.0347187
-0.0373692
-0.0410539
-0.0456313
-0.0507368
-0.0557587
-0.0598294
-0.0618583
-0.0606218
-0.055057
-0.044635
-0.0299733
-0.0134031
0.000621398
0.00542657
-0.00338656
-0.0368405
-0.038924
-0.0394559
-0.0397085
-0.0408136
-0.0432303
-0.0470703
-0.0521912
-0.0581903
-0.064381
-0.0697727
-0.0730851
-0.0728295
-0.0675331
-0.0561322
-0.0386148
-0.0168772
0.00406047
0.0151044
0.00904947
-0.0461754
-0.0480042
-0.0472207
-0.0459306
-0.0458259
-0.0475219
-0.0511396
-0.0564914
-0.063094
-0.0701575
-0.0765567
-0.0808314
-0.081251
-0.0759925
-0.0635041
-0.0430862
-0.0158546
0.0132864
0.0333797
0.0342162
-0.0578401
-0.0586614
-0.0551576
-0.0511755
-0.0491062
-0.0495873
-0.0526353
-0.0579368
-0.0648522
-0.0724412
-0.0794082
-0.0840978
-0.0845449
-0.0786036
-0.0643071
-0.0403395
-0.00690014
0.0320356
0.0647873
0.0785202
-0.07488
-0.0720836
-0.0631552
-0.0549601
-0.0501706
-0.0490522
-0.0513152
-0.0563816
-0.0633884
-0.0711753
-0.0782384
-0.0826987
-0.0823357
-0.0746551
-0.0572536
-0.028232
0.0130776
0.0644142
0.114796
0.150789
-0.105912
-0.0904065
-0.071234
-0.057034
-0.0488331
-0.0458925
-0.0473352
-0.0521459
-0.0591317
-0.0668766
-0.0736587
-0.0773767
-0.0755431
-0.0652586
-0.04357
-0.00763101
0.0446133
0.112699
0.190552
0.271054
-0.177667
-0.114109
-0.074639
-0.0532983
-0.0421961
-0.0381507
-0.0394776
-0.0445912
-0.0519185
-0.0598348
-0.0664934
-0.0696796
-0.0667369
-0.0543699
-0.0291286
0.0133472
0.0780906
0.170639
0.298367
0.472607
-0.344457
-0.135399
-0.0554186
-0.0320258
-0.0231738
-0.0211934
-0.02463
-0.0317016
-0.0406265
-0.0497661
-0.0573402
-0.0612139
-0.0588599
-0.0473283
-0.0221416
0.0218476
0.0934703
0.210669
0.408685
0.737981
)
;

boundaryField
{
    movingWall
    {
        type            zeroGradient;
    }
    fixedWalls
    {
        type            zeroGradient;
    }
    frontAndBack
    {
        type            empty;
    }
}


// ************************************************************************* //
