/*--------------------------------*- C++ -*----------------------------------*\
| =========                 |                                                 |
| \\      /  F ield         | OpenFOAM: The Open Source CFD Toolbox           |
|  \\    /   O peration     | Version:  2606                                  |
|   \\  /    A nd           | Website:  www.openfoam.com                      |
|    \\/     M anipulation  |                                                 |
\*---------------------------------------------------------------------------*/
FoamFile
{
    version     2.0;
    format      ascii;
    arch        "LSB;label=32;scalar=64";
    class       surfaceScalarField;
    location    "0.7";
    object      phi;
}
// * * * * * * * * * * * * * * * * * * * * * * * * * * * * * * * * * * * * * //

dimensions      [0 3 -1 0 0 0 0];

oriented        oriented;

internalField   nonuniform List<scalar> 
760
(
1.11924e-08
-1.11896e-08
-2.90922e-08
4.02839e-08
-1.19543e-07
9.04507e-08
-2.42712e-07
1.23169e-07
-3.82348e-07
1.39636e-07
-5.25294e-07
1.42946e-07
-6.60167e-07
1.34873e-07
-7.75832e-07
1.15666e-07
-8.60702e-07
8.48698e-08
-9.03332e-07
4.26298e-08
-8.94171e-07
-9.1616e-09
-8.28484e-07
-6.5687e-08
-7.0899e-07
-1.19495e-07
-5.47965e-07
-1.61025e-07
-3.67123e-07
-1.80841e-07
-1.94726e-07
-1.72397e-07
-5.97455e-08
-1.3498e-07
1.60717e-08
-7.58172e-08
2.78011e-08
-1.17294e-08
2.78014e-08
-4.18981e-08
3.07087e-08
-1.96506e-07
1.94892e-07
-4.48741e-07
3.42685e-07
-7.66597e-07
4.41024e-07
-1.11728e-06
4.90317e-07
-1.47059e-06
4.9626e-07
-1.79838e-06
4.6266e-07
-2.07323e-06
3.90511e-07
-2.2683e-06
2.79945e-07
-2.3592e-06
1.33526e-07
-2.32788e-06
-4.04773e-08
-2.16692e-06
-2.26648e-07
-1.88521e-06
-4.01208e-07
-1.51025e-06
-5.35981e-07
-1.08764e-06
-6.03452e-07
-6.75227e-07
-5.8481e-07
-3.31887e-07
-4.78319e-07
-1.02589e-07
-3.05115e-07
-3.12617e-09
-1.11192e-07
2.46755e-08
-1.05433e-07
1.36141e-07
-3.84242e-07
4.73701e-07
-7.92052e-07
7.50495e-07
-1.28208e-06
9.31052e-07
-1.80975e-06
1.01799e-06
-2.33371e-06
1.02022e-06
-2.81474e-06
9.43682e-07
-3.21459e-06
7.90365e-07
-3.49654e-06
5.6189e-07
-3.62799e-06
2.6498e-07
-3.58514e-06
-8.33322e-08
-3.3586e-06
-4.53186e-07
-2.95935e-06
-8.00456e-07
-2.4224e-06
-1.07293e-06
-1.80674e-06
-1.21911e-06
-1.18931e-06
-1.20224e-06
-6.51623e-07
-1.016e-06
-2.60689e-07
-6.96049e-07
-4.88759e-08
-3.23005e-07
-2.42004e-08
-1.64726e-07
3.00866e-07
-5.6322e-07
8.72195e-07
-1.11855e-06
1.30583e-06
-1.76652e-06
1.57902e-06
-2.4521e-06
1.70356e-06
-3.12623e-06
1.69435e-06
-3.74277e-06
1.56023e-06
-4.25677e-06
1.30436e-06
-4.62482e-06
9.2994e-07
-4.80785e-06
4.4801e-07
-4.77591e-06
-1.15269e-07
-4.51418e-06
-7.14919e-07
-4.03008e-06
-1.28455e-06
-3.35892e-06
-1.7441e-06
-2.56653e-06
-2.0115e-06
-1.7455e-06
-2.02327e-06
-1.00183e-06
-1.75968e-06
-4.31903e-07
-1.26598e-06
-9.6089e-08
-6.58819e-07
-1.2029e-07
-2.17427e-07
5.18294e-07
-7.25252e-07
1.38002e-06
-1.41579e-06
1.99636e-06
-2.20777e-06
2.371e-06
-3.03707e-06
2.53287e-06
-3.84949e-06
2.50677e-06
-4.59514e-06
2.30588e-06
-5.22535e-06
1.93457e-06
-5.69208e-06
1.39667e-06
-5.95009e-06
7.06016e-07
-5.96159e-06
-1.03769e-07
-5.70106e-06
-9.75442e-07
-5.16583e-06
-1.81979e-06
-4.38364e-06
-2.52629e-06
-3.42066e-06
-2.97447e-06
-2.38301e-06
-3.06092e-06
-1.40583e-06
-2.73685e-06
-6.26377e-07
-2.04543e-06
-1.46383e-07
-1.13881e-06
-2.66672e-07
-2.62531e-07
7.80824e-07
-8.65413e-07
1.9829e-06
-1.67463e-06
2.80558e-06
-2.59412e-06
3.29049e-06
-3.55268e-06
3.49143e-06
-4.49334e-06
3.44743e-06
-5.36524e-06
3.17778e-06
-6.11854e-06
2.68787e-06
-6.70237e-06
1.9805e-06
-7.06516e-06
1.0688e-06
-7.16034e-06
-8.59526e-09
-6.94549e-06
-1.19028e-06
-6.40167e-06
-2.36361e-06
-5.53959e-06
-3.38836e-06
-4.41677e-06
-4.0973e-06
-3.14775e-06
-4.32994e-06
-1.90022e-06
-3.98439e-06
-8.66043e-07
-3.0796e-06
-2.07477e-07
-1.79738e-06
-4.74149e-07
-2.98616e-07
1.07944e-06
-9.78561e-07
2.66285e-06
-1.88516e-06
3.71218e-06
-2.91078e-06
4.31611e-06
-3.97954e-06
4.56019e-06
-5.03413e-06
4.50202e-06
-6.02535e-06
4.169e-06
-6.90492e-06
3.56744e-06
-7.62141e-06
2.69699e-06
-8.11914e-06
1.56653e-06
-8.33701e-06
2.09281e-07
-8.22107e-06
-1.30622e-06
-7.72445e-06
-2.86023e-06
-6.83158e-06
-4.28124e-06
-5.57848e-06
-5.35039e-06
-4.07651e-06
-5.83192e-06
-2.5229e-06
-5.538e-06
-1.17715e-06
-4.42535e-06
-2.88952e-07
-2.68558e-06
-7.631e-07
-3.23914e-07
1.40335e-06
-1.0591e-06
3.39803e-06
-2.0363e-06
4.68938e-06
-3.13973e-06
5.41955e-06
-4.29114e-06
5.71159e-06
-5.43518e-06
5.64606e-06
-6.52702e-06
5.26084e-06
-7.52302e-06
4.56344e-06
-8.37448e-06
3.54845e-06
-9.02381e-06
2.21585e-06
-9.40299e-06
5.88461e-07
-9.43827e-06
-1.27093e-06
-9.05675e-06
-3.24175e-06
-8.20616e-06
-5.13183e-06
-6.88456e-06
-6.67199e-06
-5.17949e-06
-7.53699e-06
-3.30246e-06
-7.41503e-06
-1.58612e-06
-6.14168e-06
-4.0159e-07
-3.87011e-06
-1.16469e-06
-3.36933e-07
1.74029e-06
-1.1023e-06
4.16339e-06
-2.1179e-06
5.70498e-06
-3.26254e-06
6.56419e-06
-4.45758e-06
6.90663e-06
-5.65175e-06
6.84022e-06
-6.80722e-06
6.41632e-06
-7.88858e-06
5.6448e-06
-8.85441e-06
4.51428e-06
-9.65102e-06
3.01247e-06
-1.02084e-05
1.14582e-06
-1.04396e-05
-1.03971e-06
-1.02463e-05
-3.43502e-06
-9.53444e-06
-5.84373e-06
-8.2473e-06
-7.95913e-06
-6.41969e-06
-9.36459e-06
-4.24473e-06
-9.59e-06
-2.11527e-06
-8.27114e-06
-5.57503e-07
-5.42787e-06
-1.72219e-06
-3.37575e-07
2.07786e-06
-1.107e-06
4.93282e-06
-2.12477e-06
6.72276e-06
-3.26587e-06
7.70528e-06
-4.45275e-06
8.09351e-06
-5.64013e-06
8.0276e-06
-6.79987e-06
7.57606e-06
-7.90857e-06
6.7535e-06
-8.93754e-06
5.54324e-06
-9.8445e-06
3.91943e-06
-1.05664e-05
1.86776e-06
-1.10136e-05
-5.92583e-07
-1.10719e-05
-3.37665e-06
-1.06072e-05
-6.30842e-06
-9.497e-06
-9.06937e-06
-7.69158e-06
-1.117e-05
-5.31499e-06
-1.19666e-05
-2.77581e-06
-1.08103e-05
-7.70444e-07
-7.43324e-06
-2.49264e-06
-3.28712e-07
2.40657e-06
-1.07933e-06
5.68344e-06
-2.06236e-06
7.70578e-06
-3.14886e-06
8.79178e-06
-4.26387e-06
9.20853e-06
-5.37033e-06
9.13405e-06
-6.45258e-06
8.65832e-06
-7.50295e-06
7.80387e-06
-8.51091e-06
6.55119e-06
-9.45352e-06
4.86205e-06
-1.02867e-05
2.70093e-06
-1.09298e-05
5.05492e-08
-1.12731e-05
-3.0334e-06
-1.11529e-05
-6.42858e-06
-1.03833e-05
-9.83893e-06
-8.80661e-06
-1.27468e-05
-6.41719e-06
-1.4356e-05
-3.55573e-06
-1.36718e-05
-1.05538e-06
-9.9336e-06
-3.54801e-06
-3.1835e-07
2.72492e-06
-1.03737e-06
6.40246e-06
-1.953e-06
8.62142e-06
-2.93079e-06
9.76957e-06
-3.90115e-06
1.01789e-05
-4.83889e-06
1.00718e-05
-5.74423e-06
9.56365e-06
-6.62857e-06
8.68822e-06
-7.50382e-06
7.42644e-06
-8.37287e-06
5.7311e-06
-9.21869e-06
3.54675e-06
-9.99647e-06
8.28323e-07
-1.06034e-05
-2.4265e-06
-1.08828e-05
-6.14914e-06
-1.06036e-05
-1.01181e-05
-9.49739e-06
-1.3853e-05
-7.37737e-06
-1.6476e-05
-4.40127e-06
-1.66479e-05
-1.42558e-06
-1.29093e-05
-4.9736e-06
-3.22933e-07
3.04786e-06
-1.01683e-06
7.09635e-06
-1.84185e-06
9.44644e-06
-2.65649e-06
1.05842e-05
-3.40332e-06
1.09257e-05
-4.07603e-06
1.07445e-05
-4.69546e-06
1.01831e-05
-5.29508e-06
9.28784e-06
-5.91152e-06
8.04287e-06
-6.57661e-06
6.3962e-06
-7.3084e-06
4.27854e-06
-8.09905e-06
1.61898e-06
-8.89082e-06
-1.63474e-06
-9.55517e-06
-5.48479e-06
-9.85741e-06
-9.81586e-06
-9.44868e-06
-1.42617e-05
-7.94244e-06
-1.79823e-05
-5.1956e-06
-1.93947e-05
-1.88402e-06
-1.62209e-05
-6.85761e-06
-3.73115e-07
3.42097e-06
-1.07799e-06
7.80123e-06
-1.80012e-06
1.01686e-05
-2.39486e-06
1.1179e-05
-2.83252e-06
1.13634e-05
-3.13807e-06
1.10501e-05
-3.35987e-06
1.04049e-05
-3.55596e-06
9.48394e-06
-3.78743e-06
8.27434e-06
-4.11381e-06
6.72257e-06
-4.58733e-06
4.75206e-06
-5.24319e-06
2.27483e-06
-6.08017e-06
-7.97759e-07
-7.03045e-06
-4.53451e-06
-7.90768e-06
-8.93863e-06
-8.34749e-06
-1.38219e-05
-7.79918e-06
-1.85306e-05
-5.74115e-06
-2.14528e-05
-2.40416e-06
-1.95579e-05
-9.26178e-06
-5.24066e-07
3.94504e-06
-1.31247e-06
8.58963e-06
-1.91839e-06
1.07745e-05
-2.21869e-06
1.14793e-05
-2.24341e-06
1.13881e-05
-2.06821e-06
1.08749e-05
-1.77757e-06
1.01142e-05
-1.45612e-06
9.16248e-06
-1.18654e-06
8.00476e-06
-1.05084e-06
6.58687e-06
-1.12913e-06
4.83035e-06
-1.49554e-06
2.64124e-06
-2.20668e-06
-8.66129e-08
-3.27461e-06
-3.46658e-06
-4.61108e-06
-7.60217e-06
-5.92507e-06
-1.25079e-05
-6.60164e-06
-1.7854e-05
-5.74768e-06
-2.23067e-05
-2.89629e-06
-2.24092e-05
-1.21581e-05
-8.69597e-07
4.81463e-06
-1.83469e-06
9.55473e-06
-2.25905e-06
1.11988e-05
-2.12522e-06
1.13454e-05
-1.58154e-06
1.08444e-05
-7.7969e-07
1.0073e-05
1.51601e-07
9.18295e-06
1.10343e-06
8.21065e-06
1.9762e-06
7.13198e-06
2.67403e-06
5.88904e-06
3.0989e-06
4.40548e-06
3.14867e-06
2.59147e-06
2.71879e-06
3.43267e-07
1.7203e-06
-2.46809e-06
1.17272e-07
-5.99914e-06
-1.95777e-06
-1.04329e-05
-3.98452e-06
-1.58272e-05
-4.81988e-06
-2.14714e-05
-3.16418e-06
-2.40649e-05
-1.53222e-05
-1.54085e-06
6.35549e-06
-2.67772e-06
1.06916e-05
-2.64801e-06
1.11691e-05
-1.76487e-06
1.04623e-05
-3.83913e-07
9.46347e-06
1.24896e-06
8.44013e-06
2.96649e-06
7.46543e-06
4.64585e-06
6.5313e-06
6.18607e-06
5.59176e-06
7.49109e-06
4.58402e-06
8.45903e-06
3.43755e-06
8.97503e-06
2.07547e-06
8.90484e-06
4.13456e-07
8.10318e-06
-1.66643e-06
6.42088e-06
-4.31684e-06
3.79195e-06
-7.80395e-06
4.88854e-07
-1.25241e-05
-2.42697e-06
-1.85555e-05
-2.87465e-06
-2.36173e-05
-1.81969e-05
-2.59266e-06
8.94815e-06
-3.24904e-06
1.1348e-05
-1.91771e-06
9.8378e-06
3.4602e-07
8.19855e-06
2.94401e-06
6.86548e-06
5.5976e-06
5.78654e-06
8.16077e-06
4.90225e-06
1.05422e-05
4.14991e-06
1.26707e-05
3.46326e-06
1.44746e-05
2.78003e-06
1.58688e-05
2.04342e-06
1.67448e-05
1.19945e-06
1.69623e-05
1.95965e-07
1.63546e-05
-1.05869e-06
1.46944e-05
-2.65672e-06
1.17312e-05
-4.8407e-06
7.34431e-06
-8.13728e-06
2.21957e-06
-1.34308e-05
-1.21639e-06
-2.01813e-05
-1.94133e-05
-2.62753e-06
1.15757e-05
-6.99998e-08
8.79045e-06
4.21483e-06
5.55297e-06
8.39656e-06
4.01681e-06
1.21899e-05
3.07213e-06
1.558e-05
2.39646e-06
1.85784e-05
1.90382e-06
2.11982e-05
1.53015e-06
2.3441e-05
1.22042e-06
2.52872e-05
9.33876e-07
2.66902e-05
6.40429e-07
2.75715e-05
3.18152e-07
2.78114e-05
-4.39372e-08
2.72746e-05
-5.21935e-07
2.57098e-05
-1.09187e-06
2.27698e-05
-1.90074e-06
1.79408e-05
-3.3083e-06
1.09087e-05
-6.39871e-06
3.17658e-06
-1.24491e-05
-1.62367e-05
1.15757e-05
2.03661e-05
2.59191e-05
2.99359e-05
3.3008e-05
3.54045e-05
3.73083e-05
3.88385e-05
4.00589e-05
4.09928e-05
4.16332e-05
4.19513e-05
4.19074e-05
4.13855e-05
4.02936e-05
3.83929e-05
3.50846e-05
2.86858e-05
1.62367e-05
)
;

boundaryField
{
    movingWall
    {
        type            calculated;
        value           uniform 0;
    }
    fixedWalls
    {
        type            calculated;
        value           uniform 0;
    }
    frontAndBack
    {
        type            empty;
    }
}


// ************************************************************************* //
