/*--------------------------------*- C++ -*----------------------------------*\
| =========                 |                                                 |
| \\      /  F ield         | OpenFOAM: The Open Source CFD Toolbox           |
|  \\    /   O peration     | Version:  2606                                  |
|   \\  /    A nd           | Website:  www.openfoam.com                      |
|    \\/     M anipulation  |                                                 |
\*---------------------------------------------------------------------------*/
FoamFile
{
    version     2.0;
    format      ascii;
    arch        "LSB;label=32;scalar=64";
    class       volVectorField;
    location    "0.7";
    object      U;
}
// * * * * * * * * * * * * * * * * * * * * * * * * * * * * * * * * * * * * * //

dimensions      [0 1 -1 0 0 0 0];

internalField   nonuniform List<vector> 
400
(
(0.000232999 -0.000235209 0)
(4.56073e-05 0.000130391 0)
(-0.00131654 0.000533894 0)
(-0.00352237 0.000794505 0)
(-0.00621177 0.000927224 0)
(-0.00909228 0.000965737 0)
(-0.0119218 0.000928392 0)
(-0.0144775 0.000816669 0)
(-0.0165315 0.000622872 0)
(-0.017848 0.000342007 0)
(-0.0182086 -1.66836e-05 0)
(-0.0174601 -0.000422752 0)
(-0.0155742 -0.000817451 0)
(-0.0126987 -0.00112471 0)
(-0.00917992 -0.00126662 0)
(-0.00553402 -0.00118741 0)
(-0.00235792 -0.000878613 0)
(-0.000187603 -0.000397733 0)
(0.000674065 0.000114554 0)
(0.000380005 0.000361383 0)
(-0.000142681 -5.82622e-05 0)
(-0.00185752 0.00177749 0)
(-0.00604643 0.003559 0)
(-0.0119229 0.00475125 0)
(-0.0187615 0.00536176 0)
(-0.0259419 0.00547786 0)
(-0.0328877 0.00515475 0)
(-0.0390443 0.00440253 0)
(-0.0438643 0.00321206 0)
(-0.046822 0.0015987 0)
(-0.0474732 -0.000354686 0)
(-0.0455424 -0.00246987 0)
(-0.0410285 -0.00446817 0)
(-0.0342919 -0.00600666 0)
(-0.0260779 -0.00674889 0)
(-0.0174571 -0.00646504 0)
(-0.00965313 -0.00513587 0)
(-0.00376677 -0.00302547 0)
(-0.000468395 -0.000721337 0)
(0.000242764 0.000708222 0)
(-0.000646973 0.00141921 0)
(-0.00412988 0.00611086 0)
(-0.0111973 0.0101813 0)
(-0.0204463 0.012891 0)
(-0.0308416 0.0142394 0)
(-0.0415576 0.0143612 0)
(-0.0518007 0.0133499 0)
(-0.0607947 0.0112335 0)
(-0.0677811 0.00802639 0)
(-0.0720486 0.00381508 0)
(-0.0730092 -0.001159 0)
(-0.0703058 -0.00644834 0)
(-0.0639343 -0.0114021 0)
(-0.0543477 -0.0152405 0)
(-0.0424989 -0.0172061 0)
(-0.0297887 -0.0167777 0)
(-0.0178701 -0.0139004 0)
(-0.00830391 -0.0091471 0)
(-0.00221633 -0.0037662 0)
(-7.43176e-05 0.000213388 0)
(-0.00110907 0.00414432 0)
(-0.00628795 0.0129392 0)
(-0.0161268 0.0199012 0)
(-0.0285233 0.0243896 0)
(-0.0421276 0.0265081 0)
(-0.0559637 0.0264769 0)
(-0.0691013 0.024437 0)
(-0.080628 0.0204394 0)
(-0.0896503 0.0145338 0)
(-0.0953246 0.00690016 0)
(-0.0969363 -0.00202911 0)
(-0.094009 -0.0114976 0)
(-0.0864423 -0.0204145 0)
(-0.0746467 -0.0274739 0)
(-0.0596343 -0.0313765 0)
(-0.043024 -0.0311719 0)
(-0.0268733 -0.0266538 0)
(-0.013293 -0.0186646 0)
(-0.00406348 -0.00916915 0)
(-0.000366339 -0.00121335 0)
(-0.00151046 0.00799272 0)
(-0.0082235 0.0220609 0)
(-0.0206083 0.0324333 0)
(-0.0358844 0.0388677 0)
(-0.0524057 0.041731 0)
(-0.069086 0.0413993 0)
(-0.084919 0.0380849 0)
(-0.0989214 0.0318637 0)
(-0.110119 0.0228128 0)
(-0.117563 0.0111913 0)
(-0.120401 -0.00239497 0)
(-0.117967 -0.0168937 0)
(-0.109941 -0.0307616 0)
(-0.0965414 -0.0421023 0)
(-0.0786829 -0.0489333 0)
(-0.0581027 -0.0496595 0)
(-0.037279 -0.0436862 0)
(-0.0190401 -0.0319675 0)
(-0.00610363 -0.0171923 0)
(-0.000644438 -0.00359526 0)
(-0.00184804 0.0128251 0)
(-0.00988445 0.0332397 0)
(-0.0244962 0.0475172 0)
(-0.0423098 0.0560678 0)
(-0.0614273 0.0596828 0)
(-0.0806935 0.0589793 0)
(-0.099079 0.0542732 0)
(-0.115586 0.0456637 0)
(-0.129207 0.0332275 0)
(-0.13891 0.0172515 0)
(-0.143688 -0.00154997 0)
(-0.14262 -0.021863 0)
(-0.135046 -0.0417549 0)
(-0.120821 -0.0586896 0)
(-0.100571 -0.0698311 0)
(-0.0759918 -0.0726312 0)
(-0.0499438 -0.0657168 0)
(-0.0261403 -0.0498381 0)
(-0.00861589 -0.0283695 0)
(-0.000972398 -0.00705915 0)
(-0.00211319 0.0184761 0)
(-0.0112136 0.0461564 0)
(-0.0276423 0.0647842 0)
(-0.0475507 0.0756302 0)
(-0.0688482 0.0800566 0)
(-0.0903539 0.0790095 0)
(-0.111066 0.0729464 0)
(-0.130029 0.0619852 0)
(-0.146256 0.0461623 0)
(-0.15867 0.0257197 0)
(-0.16609 0.0013772 0)
(-0.167334 -0.0254312 0)
(-0.161333 -0.0524459 0)
(-0.147383 -0.0765005 0)
(-0.125586 -0.0937574 0)
(-0.097332 -0.100346 0)
(-0.0656752 -0.0935452 0)
(-0.0352801 -0.0733292 0)
(-0.0119561 -0.0435542 0)
(-0.00143279 -0.0119106 0)
(-0.00229295 0.0247471 0)
(-0.0121466 0.0604115 0)
(-0.0298877 0.0837545 0)
(-0.0513228 0.0970634 0)
(-0.0742299 0.102399 0)
(-0.097443 0.101123 0)
(-0.120036 0.0938763 0)
(-0.141155 0.0807961 0)
(-0.159896 0.0618348 0)
(-0.175204 0.0371028 0)
(-0.185814 0.00719187 0)
(-0.190281 -0.0265293 0)
(-0.187083 -0.0616085 0)
(-0.174867 -0.0943578 0)
(-0.152953 -0.119881 0)
(-0.122033 -0.132632 0)
(-0.0849379 -0.127809 0)
(-0.0470973 -0.103665 0)
(-0.0165259 -0.0639399 0)
(-0.00212727 -0.0186637 0)
(-0.00237661 0.0314043 0)
(-0.0126313 0.0755314 0)
(-0.0310961 0.103836 0)
(-0.0533539 0.119722 0)
(-0.0771045 0.126055 0)
(-0.10123 0.124698 0)
(-0.124927 0.116531 0)
(-0.147504 0.101719 0)
(-0.168221 0.0800983 0)
(-0.186148 0.051561 0)
(-0.20005 0.0164317 0)
(-0.208342 -0.0241529 0)
(-0.209124 -0.0678147 0)
(-0.200375 -0.110584 0)
(-0.180426 -0.146624 0)
(-0.14882 -0.16851 0)
(-0.107484 -0.168587 0)
(-0.062006 -0.141989 0)
(-0.0227592 -0.0910088 0)
(-0.0031903 -0.0280652 0)
(-0.002367 0.0381938 0)
(-0.0126661 0.0909925 0)
(-0.0312212 0.124336 0)
(-0.0534795 0.142789 0)
(-0.0770992 0.15012 0)
(-0.10104 0.148785 0)
(-0.124663 0.139964 0)
(-0.147503 0.123889 0)
(-0.169077 0.100272 0)
(-0.188706 0.0687353 0)
(-0.205352 0.0292205 0)
(-0.217487 -0.0175681 0)
(-0.223053 -0.0696222 0)
(-0.219495 -0.123081 0)
(-0.204091 -0.171542 0)
(-0.174837 -0.205826 0)
(-0.131914 -0.214843 0)
(-0.0799266 -0.188891 0)
(-0.0310934 -0.126372 0)
(-0.00481254 -0.0411275 0)
(-0.00229662 0.0448831 0)
(-0.0123529 0.106284 0)
(-0.0304006 0.144507 0)
(-0.0517708 0.165299 0)
(-0.0741029 0.173436 0)
(-0.096469 0.17207 0)
(-0.118445 0.162767 0)
(-0.139853 0.145879 0)
(-0.160555 0.121026 0)
(-0.180256 0.0875574 0)
(-0.198306 0.0449773 0)
(-0.213488 -0.00660414 0)
(-0.22391 -0.0659184 0)
(-0.226799 -0.129634 0)
(-0.218567 -0.191454 0)
(-0.195509 -0.241049 0)
(-0.155261 -0.263861 0)
(-0.0998878 -0.243711 0)
(-0.0418752 -0.171428 0)
(-0.00726689 -0.0591649 0)
(-0.00225119 0.05134 0)
(-0.0119672 0.121016 0)
(-0.0290661 0.163629 0)
(-0.0486737 0.186186 0)
(-0.0684347 0.194627 0)
(-0.0876048 0.192926 0)
(-0.106047 0.183115 0)
(-0.123934 0.16574 0)
(-0.141546 0.140394 0)
(-0.159066 0.106198 0)
(-0.176394 0.0622243 0)
(-0.192945 0.00791 0)
(-0.207291 -0.0563996 0)
(-0.21687 -0.128466 0)
(-0.217792 -0.202946 0)
(-0.204894 -0.269478 0)
(-0.172843 -0.310886 0)
(-0.119572 -0.3037 0)
(-0.0551287 -0.226742 0)
(-0.0109164 -0.0838053 0)
(-0.00240994 0.0576648 0)
(-0.0120554 0.135086 0)
(-0.0280624 0.181122 0)
(-0.04512 0.204357 0)
(-0.0609484 0.212174 0)
(-0.0751457 0.2095 0)
(-0.0879831 0.198903 0)
(-0.100062 0.181178 0)
(-0.112122 0.15596 0)
(-0.124879 0.122228 0)
(-0.138865 0.0786999 0)
(-0.154233 0.0241866 0)
(-0.170392 -0.0419184 0)
(-0.185571 -0.118904 0)
(-0.196251 -0.203223 0)
(-0.196596 -0.285994 0)
(-0.178593 -0.349334 0)
(-0.135001 -0.363332 0)
(-0.0701189 -0.291041 0)
(-0.0161522 -0.116878 0)
(-0.00312257 0.0644123 0)
(-0.0135826 0.148881 0)
(-0.0287596 0.196634 0)
(-0.0425461 0.218726 0)
(-0.0529623 0.224455 0)
(-0.0602681 0.219815 0)
(-0.0653428 0.207909 0)
(-0.0693018 0.189781 0)
(-0.0733633 0.165142 0)
(-0.0787495 0.13292 0)
(-0.086598 0.0916152 0)
(-0.0978204 0.0395787 0)
(-0.112823 -0.0246808 0)
(-0.131047 -0.101975 0)
(-0.15018 -0.19114 0)
(-0.164948 -0.286329 0)
(-0.165849 -0.371775 0)
(-0.140558 -0.414246 0)
(-0.0846904 -0.359962 0)
(-0.0231555 -0.159975 0)
(-0.00505282 0.0729795 0)
(-0.0181497 0.163497 0)
(-0.0330721 0.210004 0)
(-0.0426242 0.2281 0)
(-0.0457409 0.229674 0)
(-0.0439194 0.221777 0)
(-0.0389246 0.207894 0)
(-0.0324776 0.189204 0)
(-0.0262544 0.165459 0)
(-0.0218974 0.135578 0)
(-0.0210254 0.0979839 0)
(-0.0251921 0.0507934 0)
(-0.035744 -0.00804371 0)
(-0.0534818 -0.0805438 0)
(-0.0779393 -0.167927 0)
(-0.10581 -0.268447 0)
(-0.128175 -0.37159 0)
(-0.12925 -0.446193 0)
(-0.0944829 -0.425175 0)
(-0.0313036 -0.213673 0)
(-0.00938123 0.0863305 0)
(-0.0281429 0.180829 0)
(-0.042932 0.220905 0)
(-0.0459662 0.230768 0)
(-0.0386468 0.225547 0)
(-0.0246039 0.212983 0)
(-0.00677619 0.196524 0)
(0.0124725 0.177203 0)
(0.0310883 0.154683 0)
(0.0471609 0.12786 0)
(0.0587781 0.0951735 0)
(0.0639642 0.054739 0)
(0.0606577 0.00436141 0)
(0.0468803 -0.0585646 0)
(0.0211199 -0.136965 0)
(-0.0163092 -0.233208 0)
(-0.059608 -0.344499 0)
(-0.0928465 -0.448636 0)
(-0.0923037 -0.474599 0)
(-0.0380565 -0.277025 0)
(-0.0178078 0.11047 0)
(-0.0458787 0.202689 0)
(-0.0571359 0.22706 0)
(-0.0471476 0.222891 0)
(-0.0232823 0.208112 0)
(0.00774812 0.189921 0)
(0.0418542 0.17089 0)
(0.0762705 0.151423 0)
(0.108843 0.130864 0)
(0.137665 0.108023 0)
(0.16081 0.0814266 0)
(0.176169 0.049381 0)
(0.18128 0.00991704 0)
(0.173417 -0.0394711 0)
(0.149527 -0.102239 0)
(0.10689 -0.183569 0)
(0.046183 -0.288929 0)
(-0.0214747 -0.411641 0)
(-0.067959 -0.492443 0)
(-0.0373472 -0.345724 0)
(-0.0307526 0.156476 0)
(-0.0672537 0.225271 0)
(-0.0575648 0.216755 0)
(-0.0185103 0.193056 0)
(0.0319072 0.168624 0)
(0.0853096 0.146465 0)
(0.137964 0.126967 0)
(0.187726 0.10943 0)
(0.23308 0.0927038 0)
(0.272674 0.0755182 0)
(0.305002 0.056588 0)
(0.328199 0.0345916 0)
(0.339786 0.0080702 0)
(0.336865 -0.0248188 0)
(0.315542 -0.0668576 0)
(0.270952 -0.123616 0)
(0.198584 -0.206114 0)
(0.0989276 -0.326701 0)
(-0.00594238 -0.456172 0)
(-0.0155175 -0.398435 0)
(-0.0281602 0.226807 0)
(-0.0420616 0.223839 0)
(0.0372848 0.165909 0)
(0.126544 0.12775 0)
(0.207345 0.101652 0)
(0.279203 0.0821449 0)
(0.343009 0.0672012 0)
(0.399147 0.055318 0)
(0.447767 0.0451296 0)
(0.488722 0.035506 0)
(0.521384 0.0255201 0)
(0.544566 0.014365 0)
(0.556235 0.00125605 0)
(0.554069 -0.0144682 0)
(0.534197 -0.0345548 0)
(0.491059 -0.0623551 0)
(0.416289 -0.107402 0)
(0.296772 -0.193942 0)
(0.132636 -0.333108 0)
(0.067307 -0.369459 0)
(0.261584 0.137477 0)
(0.324305 0.118219 0)
(0.455576 0.0774304 0)
(0.560573 0.0519757 0)
(0.633041 0.0364765 0)
(0.686554 0.0262717 0)
(0.728736 0.019339 0)
(0.762707 0.0144959 0)
(0.790014 0.0108793 0)
(0.811453 0.00787381 0)
(0.827191 0.00504489 0)
(0.836874 0.00208152 0)
(0.839707 -0.00129154 0)
(0.834351 -0.00504193 0)
(0.818498 -0.00979122 0)
(0.788842 -0.0164018 0)
(0.737953 -0.02738 0)
(0.648024 -0.0518002 0)
(0.474711 -0.111394 0)
(0.341588 -0.155797 0)
)
;

boundaryField
{
    movingWall
    {
        type            fixedValue;
        value           uniform (1 0 0);
    }
    fixedWalls
    {
        type            noSlip;
    }
    frontAndBack
    {
        type            empty;
    }
}


// ************************************************************************* //
