/*--------------------------------*- C++ -*----------------------------------*\
| =========                 |                                                 |
| \\      /  F ield         | OpenFOAM: The Open Source CFD Toolbox           |
|  \\    /   O peration     | Version:  2606                                  |
|   \\  /    A nd           | Website:  www.openfoam.com                      |
|    \\/     M anipulation  |                                                 |
\*---------------------------------------------------------------------------*/
FoamFile
{
    version     2.0;
    format      ascii;
    arch        "LSB;label=32;scalar=64";
    class       volScalarField;
    location    "1.1";
    object      p;
}
// * * * * * * * * * * * * * * * * * * * * * * * * * * * * * * * * * * * * * //

dimensions      [0 2 -2 0 0 0 0];

internalField   nonuniform List<scalar> 
400
(
-7.81583e-07
-0.000630728
-0.00134478
-0.00189632
-0.00216424
-0.00209359
-0.00166093
-0.000858646
0.000300421
0.00176704
0.00343982
0.00515733
0.0067132
0.00788752
0.00850091
0.00847414
0.00787314
0.00691948
0.00596442
0.00540413
0.000621072
-3.57033e-05
-0.000589545
-0.000967099
-0.0011356
-0.00105997
-0.000717574
-9.54756e-05
0.000804143
0.00194962
0.00326576
0.004631
0.0058782
0.00683
0.00734074
0.00734627
0.00689968
0.00617397
0.00541604
0.00485019
0.0013772
0.000468696
-0.000116312
-0.000452481
-0.000606285
-0.000569518
-0.000324234
0.000149681
0.000866411
0.00181645
0.00294875
0.00416024
0.0052993
0.00619154
0.00668354
0.00669519
0.00626
0.00552587
0.00467821
0.00387297
0.00195263
0.000720307
1.61094e-05
-0.000358495
-0.000561326
-0.000608352
-0.000483835
-0.000156112
0.00041102
0.00123466
0.00228794
0.00348236
0.00466451
0.00563892
0.0062143
0.00626578
0.00579156
0.00492323
0.00381899
0.00261374
0.00208784
0.000541216
-0.000302946
-0.000755105
-0.0010534
-0.00123125
-0.0012691
-0.00111751
-0.000711491
-1.69279e-07
0.00102028
0.0022815
0.00362516
0.00482283
0.00562145
0.00581901
0.00534901
0.00431581
0.002865
0.00114513
0.00155987
-0.000262335
-0.00124838
-0.0018085
-0.00224879
-0.00261332
-0.00287274
-0.00295342
-0.00275375
-0.00217854
-0.00118005
0.00020844
0.00183122
0.0034238
0.00464854
0.0051842
0.00485053
0.00369048
0.00183135
-0.000535432
0.000184075
-0.00186031
-0.00298296
-0.00368033
-0.0043142
-0.00493463
-0.00549847
-0.00590294
-0.00600165
-0.00564036
-0.00470361
-0.00317589
-0.0011741
0.00100992
0.00293701
0.00411534
0.00417519
0.00302624
0.000734413
-0.00244938
-0.00218124
-0.0043849
-0.00563479
-0.0064984
-0.00738204
-0.0083405
-0.00931672
-0.0101767
-0.0107226
-0.0107266
-0.00998147
-0.00837184
-0.005943
-0.00297592
-7.12095e-06
0.002251
0.00313534
0.00229464
-0.000376992
-0.00458308
-0.00562382
-0.00791892
-0.00928177
-0.0103347
-0.0115201
-0.0129013
-0.0144119
-0.0158895
-0.0170821
-0.017676
-0.0173438
-0.0158228
-0.0130221
-0.00914383
-0.00477907
-0.000884541
0.00146608
0.00146575
-0.00138304
-0.00682551
-0.0101659
-0.0124853
-0.0139351
-0.0151783
-0.0166923
-0.0185585
-0.0207119
-0.0229698
-0.0250296
-0.026486
-0.0268682
-0.0257204
-0.0227507
-0.0179741
-0.0119385
-0.00580539
-0.00114653
0.000527143
-0.00204199
-0.00887744
-0.0157612
-0.0180463
-0.0195309
-0.0209152
-0.022724
-0.0250764
-0.027924
-0.0310763
-0.0341892
-0.0367687
-0.0381916
-0.0377729
-0.0349868
-0.0295187
-0.0217288
-0.0128481
-0.00493516
-0.000444337
-0.00191085
-0.0101045
-0.0223103
-0.0245204
-0.0259369
-0.0273205
-0.0292853
-0.0320188
-0.0355078
-0.0395658
-0.0438174
-0.0476887
-0.050421
-0.0511312
-0.0488829
-0.0430809
-0.0337021
-0.0218082
-0.00976927
-0.00110503
-0.000209587
-0.00930032
-0.0297078
-0.0318238
-0.0329747
-0.0340685
-0.0358999
-0.0387682
-0.0427104
-0.0475484
-0.0528774
-0.0580509
-0.0621795
-0.0641694
-0.0628117
-0.0570684
-0.0464372
-0.0315546
-0.0147635
-0.000535579
0.00442073
-0.00432688
-0.0379452
-0.0399417
-0.0404531
-0.0407525
-0.0419796
-0.0445915
-0.0486739
-0.0540414
-0.0602443
-0.0665559
-0.0719626
-0.0751842
-0.0747548
-0.0692386
-0.0576131
-0.0398939
-0.0179846
0.00310152
0.0142775
0.00833384
-0.0473267
-0.0490384
-0.0481922
-0.0468999
-0.0468762
-0.0487419
-0.0525889
-0.0581775
-0.0649699
-0.0721292
-0.0785042
-0.0826358
-0.0828216
-0.0772857
-0.0645329
-0.0439077
-0.0165408
0.0126819
0.0328525
0.0338086
-0.0589423
-0.0596256
-0.0560113
-0.0519721
-0.0499448
-0.0505794
-0.0538573
-0.0593987
-0.0665061
-0.0741815
-0.0811003
-0.0856077
-0.0857694
-0.0794935
-0.0648784
-0.0406684
-0.00709082
0.0318772
0.0646438
0.0784615
-0.0758246
-0.0728802
-0.0637933
-0.0554937
-0.0507241
-0.0497627
-0.052272
-0.057602
-0.0648168
-0.0726976
-0.0797085
-0.0839709
-0.0832959
-0.0752396
-0.0574718
-0.0281581
0.01333
0.064663
0.115032
0.151067
-0.106615
-0.090965
-0.0715957
-0.057268
-0.0490893
-0.0463257
-0.0480418
-0.0531429
-0.0603589
-0.0682145
-0.074956
-0.078482
-0.076337
-0.0656713
-0.0435978
-0.00733945
0.0451054
0.113245
0.191064
0.271594
-0.178167
-0.114482
-0.0747824
-0.0533106
-0.0422376
-0.0383798
-0.039993
-0.0454112
-0.052985
-0.0610321
-0.0676733
-0.070689
-0.067433
-0.0547315
-0.0291244
0.0136707
0.0786311
0.171275
0.299008
0.473226
-0.344922
-0.135718
-0.0555069
-0.0319552
-0.0231084
-0.0212978
-0.025011
-0.0323885
-0.0415743
-0.0508718
-0.0584684
-0.0622291
-0.0596479
-0.0477448
-0.0222012
0.0220957
0.0939441
0.21126
0.409303
0.738586
)
;

boundaryField
{
    movingWall
    {
        type            zeroGradient;
    }
    fixedWalls
    {
        type            zeroGradient;
    }
    frontAndBack
    {
        type            empty;
    }
}


// ************************************************************************* //
