/*--------------------------------*- C++ -*----------------------------------*\
| =========                 |                                                 |
| \\      /  F ield         | OpenFOAM: The Open Source CFD Toolbox           |
|  \\    /   O peration     | Version:  2606                                  |
|   \\  /    A nd           | Website:  www.openfoam.com                      |
|    \\/     M anipulation  |                                                 |
\*---------------------------------------------------------------------------*/
FoamFile
{
    version     2.0;
    format      ascii;
    arch        "LSB;label=32;scalar=64";
    class       surfaceScalarField;
    location    "1.1";
    object      phi;
}
// * * * * * * * * * * * * * * * * * * * * * * * * * * * * * * * * * * * * * //

dimensions      [0 3 -1 0 0 0 0];

oriented        oriented;

internalField   nonuniform List<scalar> 
760
(
1.2472e-08
-1.24332e-08
-2.87023e-08
4.11744e-08
-1.22387e-07
9.36839e-08
-2.50434e-07
1.28046e-07
-3.95845e-07
1.45411e-07
-5.44837e-07
1.48991e-07
-6.85436e-07
1.40599e-07
-8.0588e-07
1.20444e-07
-8.93914e-07
8.80338e-08
-9.37489e-07
4.35748e-08
-9.26657e-07
-1.08318e-08
-8.56693e-07
-6.99641e-08
-7.30786e-07
-1.25906e-07
-5.62174e-07
-1.68612e-07
-3.73869e-07
-1.88305e-07
-1.95487e-07
-1.78382e-07
-5.70339e-08
-1.38453e-07
1.9424e-08
-7.64577e-08
2.95969e-08
-1.01726e-08
2.95971e-08
-4.30083e-08
3.05747e-08
-2.03745e-07
2.0191e-07
-4.66882e-07
3.56822e-07
-7.98843e-07
4.60006e-07
-1.16517e-06
5.11736e-07
-1.53408e-06
5.17906e-07
-1.87589e-06
4.82406e-07
-2.16166e-06
4.0621e-07
-2.36315e-06
2.89527e-07
-2.45489e-06
1.35312e-07
-2.41836e-06
-4.73635e-08
-2.24646e-06
-2.41864e-07
-1.9493e-06
-4.23062e-07
-1.55643e-06
-5.6148e-07
-1.11601e-06
-6.28729e-07
-6.885e-07
-6.0589e-07
-3.3483e-07
-4.92123e-07
-1.00828e-07
-3.10459e-07
-1.41785e-09
-1.09582e-07
2.81792e-08
-1.10168e-07
1.40742e-07
-4.02102e-07
4.93843e-07
-8.29208e-07
7.83929e-07
-1.3422e-06
9.72996e-07
-1.89409e-06
1.06362e-06
-2.44126e-06
1.06508e-06
-2.94233e-06
9.83474e-07
-3.35706e-06
8.2094e-07
-3.64702e-06
5.79487e-07
-3.77849e-06
2.66788e-07
-3.72735e-06
-9.85039e-08
-3.48492e-06
-4.84296e-07
-3.0638e-06
-8.44184e-07
-2.5015e-06
-1.12378e-06
-1.86013e-06
-1.2701e-06
-1.21986e-06
-1.24616e-06
-6.64935e-07
-1.04704e-06
-2.63814e-07
-7.11581e-07
-4.84119e-08
-3.24984e-07
-2.02329e-08
-1.73194e-07
3.13937e-07
-5.91769e-07
9.12417e-07
-1.17435e-06
1.36651e-06
-1.85309e-06
1.65173e-06
-2.56988e-06
1.78042e-06
-3.27297e-06
1.76817e-06
-3.91376e-06
1.62426e-06
-4.44514e-06
1.35232e-06
-4.82206e-06
9.56403e-07
-5.00447e-06
4.49203e-07
-4.96232e-06
-1.40656e-07
-4.68168e-06
-7.64935e-07
-4.17166e-06
-1.3542e-06
-3.47005e-06
-1.82539e-06
-2.64585e-06
-2.0943e-06
-1.79518e-06
-2.09683e-06
-1.02737e-06
-1.81485e-06
-4.41179e-07
-1.29778e-06
-9.74409e-08
-6.68723e-07
-1.17674e-07
-2.29044e-07
5.42982e-07
-7.62706e-07
1.44608e-06
-1.48683e-06
2.09063e-06
-2.31546e-06
2.48037e-06
-3.1809e-06
2.64585e-06
-4.02598e-06
2.61325e-06
-4.79838e-06
2.39666e-06
-5.44739e-06
2.00133e-06
-5.92361e-06
1.43262e-06
-6.18109e-06
7.06682e-07
-6.18184e-06
-1.399e-07
-5.90169e-06
-1.04509e-06
-5.3391e-06
-1.91679e-06
-4.52388e-06
-2.64061e-06
-3.52501e-06
-3.09317e-06
-2.45213e-06
-3.16972e-06
-1.44432e-06
-2.82266e-06
-6.42296e-07
-2.0998e-06
-1.49661e-07
-1.16136e-06
-2.67335e-07
-2.76205e-07
8.19187e-07
-9.08543e-07
2.07842e-06
-1.75512e-06
2.93721e-06
-2.71446e-06
3.43971e-06
-3.71148e-06
3.64287e-06
-4.68625e-06
3.58802e-06
-5.58561e-06
3.29602e-06
-6.35807e-06
2.77379e-06
-6.95177e-06
2.02632e-06
-7.31506e-06
1.06998e-06
-7.40007e-06
-5.48958e-08
-7.16744e-06
-1.27772e-06
-6.59763e-06
-2.4866e-06
-5.70292e-06
-3.53531e-06
-4.54287e-06
-4.25322e-06
-3.2351e-06
-4.47748e-06
-1.95155e-06
-4.10621e-06
-8.88813e-07
-3.16254e-06
-2.12771e-07
-1.8374e-06
-4.80106e-07
-3.12874e-07
1.13206e-06
-1.02308e-06
2.78862e-06
-1.96754e-06
3.88167e-06
-3.03299e-06
4.50516e-06
-4.13954e-06
4.74942e-06
-5.22706e-06
4.67554e-06
-6.24439e-06
4.31335e-06
-7.14205e-06
3.67144e-06
-7.86807e-06
2.75235e-06
-8.36658e-06
1.56848e-06
-8.57841e-06
1.56937e-07
-8.4475e-06
-1.40863e-06
-7.92893e-06
-3.00517e-06
-7.00727e-06
-4.45698e-06
-5.71933e-06
-5.54116e-06
-4.17848e-06
-6.01833e-06
-2.58585e-06
-5.69883e-06
-1.20666e-06
-4.54173e-06
-2.96367e-07
-2.7477e-06
-7.76473e-07
-3.37058e-07
1.46912e-06
-1.1001e-06
3.55166e-06
-2.11206e-06
4.89363e-06
-3.25173e-06
5.64482e-06
-4.43702e-06
5.93471e-06
-5.61002e-06
5.84854e-06
-6.7243e-06
5.42763e-06
-7.73554e-06
4.68268e-06
-8.59506e-06
3.61188e-06
-9.24585e-06
2.21926e-06
-9.62083e-06
5.31919e-07
-9.64624e-06
-1.38321e-06
-9.24938e-06
-3.40203e-06
-8.37749e-06
-5.32887e-06
-7.02803e-06
-6.89062e-06
-5.28878e-06
-7.75759e-06
-3.3738e-06
-7.61381e-06
-1.6216e-06
-6.29393e-06
-4.11161e-07
-3.95813e-06
-1.18763e-06
-3.47241e-07
1.81636e-06
-1.13484e-06
4.33926e-06
-2.17842e-06
5.93722e-06
-3.35216e-06
6.81856e-06
-4.57395e-06
7.1565e-06
-5.79024e-06
7.06482e-06
-6.96202e-06
6.59941e-06
-8.05366e-06
5.77432e-06
-9.02434e-06
4.58256e-06
-9.8215e-06
3.01642e-06
-1.03763e-05
1.08669e-06
-1.06025e-05
-1.15695e-06
-1.04019e-05
-3.60265e-06
-9.67918e-06
-6.0516e-06
-8.37573e-06
-8.19408e-06
-6.52436e-06
-9.60895e-06
-4.31824e-06
-9.81993e-06
-2.15466e-06
-8.45752e-06
-5.69035e-07
-5.54375e-06
-1.75667e-06
-3.43527e-07
2.15989e-06
-1.12666e-06
5.12239e-06
-2.16236e-06
6.97292e-06
-3.32224e-06
7.97844e-06
-4.52589e-06
8.36015e-06
-5.72607e-06
8.265e-06
-6.89383e-06
7.76717e-06
-8.00596e-06
6.88645e-06
-9.03483e-06
5.61143e-06
-9.93979e-06
3.92137e-06
-1.06595e-05
1.80645e-06
-1.11057e-05
-7.10789e-07
-1.11646e-05
-3.54379e-06
-1.07008e-05
-6.51539e-06
-9.58896e-06
-9.30589e-06
-7.77542e-06
-1.14225e-05
-5.38095e-06
-1.22144e-05
-2.81523e-06
-1.10232e-05
-7.83295e-07
-7.57568e-06
-2.53996e-06
-3.29207e-07
2.48909e-06
-1.08282e-06
5.876e-06
-2.0712e-06
7.96131e-06
-3.16377e-06
9.07101e-06
-4.28353e-06
9.47991e-06
-5.39189e-06
9.37337e-06
-6.47269e-06
8.84796e-06
-7.51873e-06
7.9325e-06
-8.52082e-06
6.61352e-06
-9.45797e-06
4.85852e-06
-1.02881e-05
2.63662e-06
-1.09329e-05
-6.60582e-08
-1.12829e-05
-3.19376e-06
-1.11743e-05
-6.62395e-06
-1.04183e-05
-1.00619e-05
-8.85182e-06
-1.2989e-05
-6.46308e-06
-1.46032e-05
-3.58915e-06
-1.38972e-05
-1.06824e-06
-1.00966e-05
-3.60821e-06
-3.12856e-07
2.80195e-06
-1.02298e-06
6.58613e-06
-1.92998e-06
8.8683e-06
-2.89983e-06
1.00409e-05
-3.86202e-06
1.04421e-05
-4.79047e-06
1.03018e-05
-5.68516e-06
9.74266e-06
-6.55814e-06
8.80547e-06
-7.42265e-06
7.47803e-06
-8.28342e-06
5.71928e-06
-9.12555e-06
3.47876e-06
-9.9059e-06
7.14284e-07
-1.05238e-05
-2.57591e-06
-1.08224e-05
-6.32531e-06
-1.05688e-05
-1.03155e-05
-9.48978e-06
-1.4068e-05
-7.39066e-06
-1.67023e-05
-4.42112e-06
-1.68667e-05
-1.43636e-06
-1.30813e-05
-5.04457e-06
-3.11556e-07
3.11351e-06
-9.847e-07
7.25927e-06
-1.78701e-06
9.67061e-06
-2.57974e-06
1.08336e-05
-3.30592e-06
1.11683e-05
-3.9592e-06
1.09551e-05
-4.56061e-06
1.03441e-05
-5.14424e-06
9.3891e-06
-5.74771e-06
8.0815e-06
-6.40414e-06
6.37571e-06
-7.13295e-06
4.20757e-06
-7.92788e-06
1.50921e-06
-8.73269e-06
-1.7711e-06
-9.41978e-06
-5.63822e-06
-9.75414e-06
-9.98111e-06
-9.38381e-06
-1.44384e-05
-7.91519e-06
-1.81709e-05
-5.19474e-06
-1.95872e-05
-1.88995e-06
-1.63861e-05
-6.93452e-06
-3.56629e-07
3.47013e-06
-1.0303e-06
7.93295e-06
-1.71707e-06
1.03574e-05
-2.27729e-06
1.13938e-05
-2.68347e-06
1.15745e-05
-2.96165e-06
1.12333e-05
-3.16085e-06
1.05433e-05
-3.33966e-06
9.56791e-06
-3.55958e-06
8.30142e-06
-3.88041e-06
6.69655e-06
-4.35464e-06
4.6818e-06
-5.01785e-06
2.17242e-06
-5.86961e-06
-9.19342e-07
-6.84311e-06
-4.66473e-06
-7.75305e-06
-9.07117e-06
-8.23452e-06
-1.39569e-05
-7.73256e-06
-1.86729e-05
-5.71596e-06
-2.16038e-05
-2.40252e-06
-1.96996e-05
-9.33704e-06
-5.0408e-07
3.97421e-06
-1.25386e-06
8.68273e-06
-1.8149e-06
1.09184e-05
-2.07097e-06
1.16499e-05
-2.05611e-06
1.15596e-05
-1.8483e-06
1.10255e-05
-1.53338e-06
1.02283e-05
-1.19619e-06
9.23073e-06
-9.19382e-07
8.02461e-06
-7.84107e-07
6.56127e-06
-8.69314e-07
4.76701e-06
-1.24806e-06
2.55116e-06
-1.97663e-06
-1.90774e-07
-3.06728e-06
-3.57407e-06
-4.43332e-06
-7.70513e-06
-5.78528e-06
-1.26049e-05
-6.50751e-06
-1.79506e-05
-5.70099e-06
-2.24103e-05
-2.88569e-06
-2.25149e-05
-1.22227e-05
-8.49098e-07
4.82331e-06
-1.77334e-06
9.60697e-06
-2.14864e-06
1.12937e-05
-1.96558e-06
1.14668e-05
-1.378e-06
1.0972e-05
-5.41082e-07
1.01885e-05
4.14787e-07
9.27247e-06
1.37976e-06
8.26575e-06
2.25529e-06
7.14908e-06
2.94689e-06
5.86967e-06
3.35853e-06
4.35537e-06
3.3902e-06
2.51949e-06
2.9392e-06
2.60221e-07
1.91741e-06
-2.55227e-06
2.88223e-07
-6.07595e-06
-1.8177e-06
-1.0499e-05
-3.88189e-06
-1.58864e-05
-4.76174e-06
-2.15304e-05
-3.14627e-06
-2.41303e-05
-1.5369e-05
-1.52492e-06
6.34823e-06
-2.62663e-06
1.07087e-05
-2.55167e-06
1.12188e-05
-1.62102e-06
1.05362e-05
-1.96517e-07
9.54753e-06
1.47169e-06
8.52034e-06
3.21368e-06
7.53047e-06
4.90591e-06
6.57353e-06
6.44758e-06
5.60742e-06
7.74403e-06
4.57322e-06
8.69558e-06
3.40382e-06
9.19003e-06
2.02504e-06
9.09543e-06
3.54821e-07
8.2691e-06
-1.72593e-06
6.56238e-06
-4.36923e-06
3.90808e-06
-7.84472e-06
5.75154e-07
-1.25535e-05
-2.37185e-06
-1.85834e-05
-2.85422e-06
-2.3648e-05
-1.82232e-05
-2.58706e-06
8.93529e-06
-3.22352e-06
1.13451e-05
-1.85954e-06
9.85477e-06
4.42841e-07
8.2338e-06
3.07959e-06
6.91078e-06
5.76719e-06
5.83275e-06
8.35611e-06
4.94156e-06
1.07529e-05
4.17674e-06
1.28857e-05
3.47458e-06
1.46835e-05
2.7754e-06
1.60627e-05
2.02469e-06
1.69176e-05
1.17015e-06
1.71105e-05
1.61872e-07
1.64776e-05
-1.093e-06
1.47941e-05
-2.6857e-06
1.18106e-05
-4.86123e-06
7.4058e-06
-8.14874e-06
2.2603e-06
-1.34379e-05
-1.19717e-06
-2.01905e-05
-1.94204e-05
-2.63319e-06
1.15685e-05
-7.24691e-08
8.78442e-06
4.22668e-06
5.55562e-06
8.43326e-06
4.02722e-06
1.22566e-05
3.08745e-06
1.56764e-05
2.41298e-06
1.86997e-05
1.91819e-06
2.13366e-05
1.53991e-06
2.35869e-05
1.22425e-06
2.54306e-05
9.31647e-07
2.68221e-05
6.33177e-07
2.76843e-05
3.08012e-07
2.79058e-05
-5.96678e-08
2.73457e-05
-5.32873e-07
2.5761e-05
-1.10102e-06
2.2806e-05
-1.90618e-06
1.79667e-05
-3.30952e-06
1.09263e-05
-6.39747e-06
3.18378e-06
-1.2448e-05
-1.62366e-05
1.15685e-05
2.03529e-05
2.59085e-05
2.99357e-05
3.30232e-05
3.54362e-05
3.73544e-05
3.88943e-05
4.01185e-05
4.10502e-05
4.16833e-05
4.19913e-05
4.19317e-05
4.13988e-05
4.02978e-05
3.83916e-05
3.50821e-05
2.86846e-05
1.62366e-05
)
;

boundaryField
{
    movingWall
    {
        type            calculated;
        value           uniform 0;
    }
    fixedWalls
    {
        type            calculated;
        value           uniform 0;
    }
    frontAndBack
    {
        type            empty;
    }
}


// ************************************************************************* //
