/*--------------------------------*- C++ -*----------------------------------*\
| =========                 |                                                 |
| \\      /  F ield         | OpenFOAM: The Open Source CFD Toolbox           |
|  \\    /   O peration     | Version:  2606                                  |
|   \\  /    A nd           | Website:  www.openfoam.com                      |
|    \\/     M anipulation  |                                                 |
\*---------------------------------------------------------------------------*/
FoamFile
{
    version     2.0;
    format      ascii;
    arch        "LSB;label=32;scalar=64";
    class       volVectorField;
    location    "1.1";
    object      U;
}
// * * * * * * * * * * * * * * * * * * * * * * * * * * * * * * * * * * * * * //

dimensions      [0 1 -1 0 0 0 0];

internalField   nonuniform List<vector> 
400
(
(0.000250555 -0.000252715 0)
(7.20029e-05 0.000125856 0)
(-0.0013325 0.000547768 0)
(-0.00362285 0.000821671 0)
(-0.00642192 0.000962301 0)
(-0.00942358 0.00100466 0)
(-0.0123737 0.000967509 0)
(-0.0150373 0.000851741 0)
(-0.0171733 0.000648862 0)
(-0.0185327 0.000353774 0)
(-0.0188864 -2.29968e-05 0)
(-0.018077 -0.000448246 0)
(-0.0160811 -0.000859273 0)
(-0.013061 -0.00117578 0)
(-0.00938642 -0.00131673 0)
(-0.00560123 -0.00122565 0)
(-0.00232749 -0.000896644 0)
(-0.000117704 -0.000393181 0)
(0.000731062 0.000136433 0)
(0.000400132 0.000380929 0)
(-0.000140251 -8.48948e-05 0)
(-0.00191522 0.00182632 0)
(-0.0062801 0.00369273 0)
(-0.0124156 0.00494514 0)
(-0.01956 0.00558866 0)
(-0.0270609 0.00571365 0)
(-0.0343105 0.00537631 0)
(-0.0407237 0.00458561 0)
(-0.0457228 0.00333182 0)
(-0.0487563 0.00163336 0)
(-0.0493633 -0.000418165 0)
(-0.0472666 -0.00263029 0)
(-0.042481 -0.0047072 0)
(-0.0354002 -0.006289 0)
(-0.0268171 -0.00702756 0)
(-0.0178564 -0.00669139 0)
(-0.00979118 -0.00527271 0)
(-0.00375414 -0.00306009 0)
(-0.000413513 -0.00067479 0)
(0.000268687 0.000765596 0)
(-0.000673733 0.00144895 0)
(-0.00431747 0.00634988 0)
(-0.0117201 0.0106168 0)
(-0.0214067 0.0134589 0)
(-0.0322864 0.0148714 0)
(-0.0434882 0.0149939 0)
(-0.0541747 0.0139217 0)
(-0.0635273 0.0116833 0)
(-0.0707491 0.00829663 0)
(-0.0750997 0.00386059 0)
(-0.0759757 -0.00135985 0)
(-0.0730238 -0.0068835 0)
(-0.0662642 -0.0120231 0)
(-0.0561921 -0.0159643 0)
(-0.043818 -0.0179267 0)
(-0.0306082 -0.0173861 0)
(-0.0182783 -0.0143113 0)
(-0.00843436 -0.00932591 0)
(-0.00221455 -0.00375053 0)
(-5.80655e-05 0.000294902 0)
(-0.00116623 0.00430757 0)
(-0.00660867 0.0135142 0)
(-0.0169388 0.0208093 0)
(-0.0299367 0.0255046 0)
(-0.0441768 0.0277063 0)
(-0.0586284 0.0276435 0)
(-0.0723102 0.0254626 0)
(-0.0842627 0.0212195 0)
(-0.0935535 0.0149758 0)
(-0.0993119 0.00693681 0)
(-0.100812 -0.00242373 0)
(-0.0975853 -0.0122934 0)
(-0.0895598 -0.0215282 0)
(-0.0771872 -0.0287698 0)
(-0.0615368 -0.0326835 0)
(-0.0442959 -0.0323117 0)
(-0.0275933 -0.0274799 0)
(-0.0136003 -0.019106 0)
(-0.00413072 -0.00926543 0)
(-0.000362623 -0.00113903 0)
(-0.00159331 0.00836037 0)
(-0.008656 0.023103 0)
(-0.0216598 0.0339601 0)
(-0.0376651 0.0406684 0)
(-0.0549325 0.0436141 0)
(-0.0723155 0.0431923 0)
(-0.0887547 0.039628 0)
(-0.103221 0.0330096 0)
(-0.114706 0.0234374 0)
(-0.12224 0.0112106 0)
(-0.12496 -0.00300738 0)
(-0.122214 -0.0180877 0)
(-0.11371 -0.0324223 0)
(-0.0996954 -0.0440467 0)
(-0.0811336 -0.0509287 0)
(-0.0598253 -0.0514552 0)
(-0.038325 -0.0450629 0)
(-0.0195385 -0.0327969 0)
(-0.0062458 -0.0174929 0)
(-0.000653728 -0.00356663 0)
(-0.00194768 0.0134508 0)
(-0.0103889 0.034846 0)
(-0.0256987 0.0497668 0)
(-0.0443154 0.0586471 0)
(-0.0642356 0.062324 0)
(-0.084242 0.0614501 0)
(-0.103254 0.0563654 0)
(-0.120234 0.0471927 0)
(-0.134148 0.0340454 0)
(-0.143952 0.0172671 0)
(-0.148629 -0.00235662 0)
(-0.147276 -0.0234438 0)
(-0.139257 -0.0439653 0)
(-0.124438 -0.0613085 0)
(-0.103478 -0.0725745 0)
(-0.0781237 -0.0751799 0)
(-0.0513072 -0.067768 0)
(-0.0268344 -0.0511819 0)
(-0.00883722 -0.0289716 0)
(-0.00099564 -0.00711606 0)
(-0.00221756 0.0193873 0)
(-0.0117367 0.0483731 0)
(-0.0288791 0.0678015 0)
(-0.0495973 0.0790211 0)
(-0.0716909 0.0834734 0)
(-0.0939176 0.0821613 0)
(-0.115229 0.0755818 0)
(-0.134638 0.0638904 0)
(-0.15114 0.0471742 0)
(-0.163655 0.0257437 0)
(-0.171018 0.000398025 0)
(-0.172046 -0.0273545 0)
(-0.165672 -0.0551553 0)
(-0.151211 -0.079757 0)
(-0.128773 -0.0972464 0)
(-0.0997697 -0.103694 0)
(-0.0673129 -0.0963632 0)
(-0.0361624 -0.0753018 0)
(-0.0122603 -0.0445549 0)
(-0.00147209 -0.012095 0)
(-0.00238812 0.0259389 0)
(-0.012627 0.0632233 0)
(-0.0310261 0.0875141 0)
(-0.0532035 0.10123 0)
(-0.0768313 0.106546 0)
(-0.100685 0.104904 0)
(-0.123799 0.0970051 0)
(-0.145296 0.0830392 0)
(-0.164267 0.0630232 0)
(-0.179665 0.0371443 0)
(-0.190241 0.00607802 0)
(-0.194564 -0.0287151 0)
(-0.191111 -0.0647109 0)
(-0.17853 -0.0981419 0)
(-0.156126 -0.124029 0)
(-0.124582 -0.136743 0)
(-0.0867498 -0.131425 0)
(-0.0481361 -0.106349 0)
(-0.0169124 -0.0654278 0)
(-0.00218549 -0.0190193 0)
(-0.00244854 0.032837 0)
(-0.0130071 0.0788575 0)
(-0.0320017 0.108238 0)
(-0.0548598 0.124556 0)
(-0.0791871 0.13082 0)
(-0.103812 0.129001 0)
(-0.127899 0.120055 0)
(-0.150739 0.104224 0)
(-0.171603 0.0814203 0)
(-0.189575 0.0516247 0)
(-0.203449 0.0152473 0)
(-0.211659 -0.0264939 0)
(-0.212316 -0.0711585 0)
(-0.203391 -0.114713 0)
(-0.18318 -0.151247 0)
(-0.15118 -0.17324 0)
(-0.109291 -0.172932 0)
(-0.0631283 -0.145401 0)
(-0.0232168 -0.0930483 0)
(-0.00326994 -0.0286352 0)
(-0.00240364 0.0397943 0)
(-0.0128826 0.0946893 0)
(-0.031774 0.129211 0)
(-0.0544236 0.148115 0)
(-0.0784151 0.155331 0)
(-0.102661 0.153445 0)
(-0.126496 0.143738 0)
(-0.149446 0.126537 0)
(-0.171045 0.101648 0)
(-0.190642 0.0687903 0)
(-0.207235 0.0279948 0)
(-0.21933 -0.0199652 0)
(-0.224889 -0.073036 0)
(-0.221351 -0.127318 0)
(-0.205955 -0.176364 0)
(-0.176624 -0.210908 0)
(-0.133452 -0.21972 0)
(-0.0810031 -0.192948 0)
(-0.0315913 -0.128978 0)
(-0.00491382 -0.0419473 0)
(-0.00228976 0.0465515 0)
(-0.0123703 0.110155 0)
(-0.0305105 0.149624 0)
(-0.0520112 0.170882 0)
(-0.0744653 0.178869 0)
(-0.0969062 0.176883 0)
(-0.118888 0.166611 0)
(-0.140234 0.14852 0)
(-0.160824 0.122346 0)
(-0.180398 0.0875448 0)
(-0.198349 0.0437105 0)
(-0.213505 -0.00898472 0)
(-0.224007 -0.0692425 0)
(-0.227084 -0.133732 0)
(-0.219122 -0.196151 0)
(-0.196329 -0.246119 0)
(-0.156218 -0.268938 0)
(-0.100733 -0.248196 0)
(-0.0423543 -0.174536 0)
(-0.00738491 -0.0602508 0)
(-0.00219776 0.0529596 0)
(-0.0117659 0.124832 0)
(-0.0286847 0.168717 0)
(-0.0481329 0.191755 0)
(-0.0677433 0.20003 0)
(-0.0867458 0.197666 0)
(-0.104989 0.186838 0)
(-0.122652 0.168224 0)
(-0.140032 0.141549 0)
(-0.157347 0.106053 0)
(-0.17454 0.0609023 0)
(-0.191066 0.00559361 0)
(-0.205541 -0.0595151 0)
(-0.215424 -0.132217 0)
(-0.21681 -0.207211 0)
(-0.204469 -0.274145 0)
(-0.172938 -0.315741 0)
(-0.119973 -0.308264 0)
(-0.0554991 -0.230175 0)
(-0.0110376 -0.0851386 0)
(-0.00231229 0.0591141 0)
(-0.0116392 0.138604 0)
(-0.0271912 0.185895 0)
(-0.0437969 0.209626 0)
(-0.0592059 0.217287 0)
(-0.0730079 0.213949 0)
(-0.0854714 0.202333 0)
(-0.0972054 0.183382 0)
(-0.108967 0.156871 0)
(-0.121495 0.12191 0)
(-0.135352 0.0773155 0)
(-0.150719 0.0219588 0)
(-0.167043 -0.0447641 0)
(-0.182578 -0.122188 0)
(-0.193816 -0.206852 0)
(-0.194892 -0.289943 0)
(-0.177691 -0.353555 0)
(-0.134791 -0.36755 0)
(-0.0702729 -0.29451 0)
(-0.0162521 -0.118388 0)
(-0.00298855 0.065578 0)
(-0.0129801 0.15187 0)
(-0.0274546 0.200817 0)
(-0.0405247 0.223423 0)
(-0.0502823 0.22904 0)
(-0.0570031 0.223789 0)
(-0.0615784 0.210925 0)
(-0.0651357 0.191641 0)
(-0.0689029 0.165797 0)
(-0.0741103 0.132449 0)
(-0.0819013 0.0902005 0)
(-0.0931948 0.0374654 0)
(-0.108412 -0.0272382 0)
(-0.12701 -0.104771 0)
(-0.146705 -0.19407 0)
(-0.162233 -0.289409 0)
(-0.16405 -0.375083 0)
(-0.139697 -0.417728 0)
(-0.0845408 -0.363109 0)
(-0.0232011 -0.161533 0)
(-0.0048973 0.0737703 0)
(-0.0174199 0.165768 0)
(-0.0314551 0.213365 0)
(-0.0400884 0.231994 0)
(-0.0423644 0.233536 0)
(-0.0398225 0.225142 0)
(-0.034259 0.210432 0)
(-0.0274099 0.190727 0)
(-0.0209538 0.165917 0)
(-0.0165242 0.135045 0)
(-0.0157212 0.0966327 0)
(-0.0200777 0.048863 0)
(-0.0309255 -0.010293 0)
(-0.0490607 -0.0828834 0)
(-0.0740387 -0.170219 0)
(-0.102591 -0.27069 0)
(-0.125815 -0.373913 0)
(-0.127878 -0.448709 0)
(-0.0940173 -0.427673 0)
(-0.0312663 -0.215104 0)
(-0.00923097 0.0867003 0)
(-0.0273907 0.182275 0)
(-0.0412176 0.223298 0)
(-0.0432374 0.233705 0)
(-0.0349822 0.22856 0)
(-0.0201491 0.215663 0)
(-0.00172842 0.198572 0)
(0.0178978 0.178438 0)
(0.0366775 0.155045 0)
(0.0527155 0.127396 0)
(0.064137 0.0940208 0)
(0.0690084 0.0531027 0)
(0.0653074 0.00247843 0)
(0.0510866 -0.0604673 0)
(0.0248345 -0.13872 0)
(-0.0131656 -0.234765 0)
(-0.0571546 -0.345959 0)
(-0.0912553 -0.450178 0)
(-0.0916246 -0.476269 0)
(-0.0379354 -0.278153 0)
(-0.0177065 0.11046 0)
(-0.045273 0.20335 0)
(-0.0556637 0.228487 0)
(-0.0447236 0.224845 0)
(-0.0199439 0.210243 0)
(0.0118788 0.1919 0)
(0.0465862 0.172458 0)
(0.0813797 0.152414 0)
(0.114099 0.131204 0)
(0.142849 0.107726 0)
(0.165743 0.080585 0)
(0.180718 0.0481471 0)
(0.185363 0.00847929 0)
(0.177004 -0.0409127 0)
(0.152617 -0.103518 0)
(0.109486 -0.184595 0)
(0.0482768 -0.289738 0)
(-0.020016 -0.412415 0)
(-0.0672621 -0.493325 0)
(-0.037186 -0.346434 0)
(-0.030747 0.156251 0)
(-0.0669937 0.225373 0)
(-0.0567353 0.217389 0)
(-0.0169623 0.19413 0)
(0.0342312 0.169915 0)
(0.0883715 0.147739 0)
(0.141635 0.12803 0)
(0.191818 0.110146 0)
(0.237378 0.093001 0)
(0.276958 0.0753896 0)
(0.309074 0.0560842 0)
(0.331903 0.033808 0)
(0.343024 0.00712573 0)
(0.339598 -0.0257615 0)
(0.317776 -0.0676749 0)
(0.272739 -0.124219 0)
(0.19999 -0.206487 0)
(0.0999447 -0.32698 0)
(-0.00541252 -0.45649 0)
(-0.0153792 -0.398724 0)
(-0.0282386 0.226574 0)
(-0.0421895 0.223673 0)
(0.0373378 0.166017 0)
(0.127001 0.128122 0)
(0.208354 0.102188 0)
(0.280822 0.0827224 0)
(0.345193 0.0677091 0)
(0.401767 0.0556738 0)
(0.450645 0.0452859 0)
(0.491657 0.0354524 0)
(0.524183 0.025281 0)
(0.547052 0.0139944 0)
(0.55834 0.000837166 0)
(0.555736 -0.0148985 0)
(0.535423 -0.03493 0)
(0.491918 -0.0626172 0)
(0.416888 -0.107532 0)
(0.29719 -0.193992 0)
(0.132879 -0.333154 0)
(0.0673882 -0.369498 0)
(0.261508 0.137384 0)
(0.324096 0.118098 0)
(0.45533 0.077373 0)
(0.560442 0.0519949 0)
(0.633165 0.036556 0)
(0.687006 0.0263807 0)
(0.729511 0.0194448 0)
(0.763736 0.0145718 0)
(0.791187 0.0109085 0)
(0.812648 0.00785104 0)
(0.828292 0.00497703 0)
(0.83779 0.00198379 0)
(0.840376 -0.00137049 0)
(0.834735 -0.00512955 0)
(0.818665 -0.00987208 0)
(0.788859 -0.0164554 0)
(0.737899 -0.0274002 0)
(0.647971 -0.0517991 0)
(0.47469 -0.111388 0)
(0.341588 -0.155791 0)
)
;

boundaryField
{
    movingWall
    {
        type            fixedValue;
        value           uniform (1 0 0);
    }
    fixedWalls
    {
        type            noSlip;
    }
    frontAndBack
    {
        type            empty;
    }
}


// ************************************************************************* //
