/*--------------------------------*- C++ -*----------------------------------*\
| =========                 |                                                 |
| \\      /  F ield         | OpenFOAM: The Open Source CFD Toolbox           |
|  \\    /   O peration     | Version:  2606                                  |
|   \\  /    A nd           | Website:  www.openfoam.com                      |
|    \\/     M anipulation  |                                                 |
\*---------------------------------------------------------------------------*/
FoamFile
{
    version     2.0;
    format      ascii;
    arch        "LSB;label=32;scalar=64";
    class       volScalarField;
    location    "1";
    object      p;
}
// * * * * * * * * * * * * * * * * * * * * * * * * * * * * * * * * * * * * * //

dimensions      [0 2 -2 0 0 0 0];

internalField   nonuniform List<scalar> 
400
(
6.72444e-07
-0.000624473
-0.00133308
-0.00187928
-0.00214229
-0.00206741
-0.00163151
-0.000827225
0.000332411
0.00179823
0.00346923
0.0051847
0.0067392
0.0079137
0.00852936
0.00850687
0.00791142
0.00696337
0.00601213
0.00545317
0.000621553
-3.14447e-05
-0.000581033
-0.00095417
-0.00111823
-0.00103832
-0.000692072
-6.68932e-05
0.000834747
0.0019811
0.00329715
0.00466184
0.00590875
0.00686126
0.00737418
0.00738333
0.00694124
0.00621995
0.00546525
0.00490048
0.00137401
0.000470277
-0.000110544
-0.000442559
-0.000591846
-0.000550288
-0.000300254
0.000177933
0.000898005
0.00185017
0.00298342
0.00419506
0.00533417
0.00622711
0.00672103
0.00673594
0.00630487
0.0055749
0.00473055
0.00392713
0.00194558
0.000719564
2.00331e-05
-0.000350144
-0.000547848
-0.000589055
-0.000458426
-0.000124912
0.000447017
0.00127396
0.00232891
0.00352371
0.00470563
0.00568014
0.00625673
0.00631085
0.00584045
0.00497639
0.00387606
0.00267384
0.00207876
0.000539838
-0.000299039
-0.000746131
-0.00103819
-0.00120862
-0.00123844
-0.00107905
-0.00066641
4.95887e-05
0.0010724
0.002334
0.0036767
0.00487319
0.00567148
0.00587034
0.00540336
0.00437434
0.00292812
0.0012127
0.00155225
-0.000261364
-0.00124152
-0.00179561
-0.00222806
-0.00258302
-0.0028319
-0.00290222
-0.00269365
-0.00211208
-0.00111047
0.000278402
0.00189908
0.00348842
0.00471032
0.00524483
0.00491241
0.0037558
0.00190171
-0.000459155
0.000182529
-0.00185306
-0.00296931
-0.00365945
-0.00428347
-0.00489166
-0.00544192
-0.00583294
-0.00591995
-0.00555009
-0.00460867
-0.00308097
-0.00108279
0.00109528
0.00301594
0.00418935
0.00424731
0.00309999
0.000813045
-0.00236351
-0.00217163
-0.00436709
-0.00561024
-0.00646527
-0.00733678
-0.00828002
-0.00923926
-0.0100823
-0.0106133
-0.0106062
-0.00985507
-0.00824508
-0.00582118
-0.00286302
9.49927e-05
0.00234317
0.00322092
0.00237857
-0.000289354
-0.00448733
-0.00559833
-0.00788661
-0.00924267
-0.0102857
-0.0114567
-0.0128197
-0.0143099
-0.015767
-0.0169414
-0.0175216
-0.0171817
-0.0156599
-0.0128651
-0.00899838
-0.00464876
-0.00076981
0.0015683
0.00156142
-0.00128623
-0.00672055
-0.010121
-0.0124357
-0.013879
-0.0151114
-0.0166091
-0.0184545
-0.0205846
-0.0228189
-0.0248578
-0.0262984
-0.0266715
-0.0255218
-0.0225589
-0.0177958
-0.0117788
-0.00566623
-0.00102596
0.00063525
-0.00193684
-0.0087654
-0.0156952
-0.0179784
-0.0194575
-0.0208306
-0.022622
-0.0249521
-0.0277743
-0.0309011
-0.0339916
-0.0365541
-0.0379672
-0.0375448
-0.0347681
-0.0293151
-0.0215456
-0.0126882
-0.00479818
-0.000325284
-0.00179978
-0.00998953
-0.0222238
-0.0244354
-0.025848
-0.0272211
-0.0291688
-0.0318797
-0.0353427
-0.0393748
-0.0436038
-0.0474587
-0.0501834
-0.0508968
-0.048655
-0.0428681
-0.0335096
-0.0216389
-0.00962386
-0.000980373
-9.73887e-05
-0.00918894
-0.029604
-0.031725
-0.0328744
-0.0339599
-0.0357759
-0.0386227
-0.0425398
-0.0473526
-0.0526603
-0.0578197
-0.0619434
-0.0639381
-0.0625925
-0.0568667
-0.0462558
-0.0313944
-0.0146242
-0.000415666
0.00452625
-0.0042277
-0.0378295
-0.0398345
-0.0403477
-0.0406423
-0.0418571
-0.0444497
-0.0485084
-0.053852
-0.0600356
-0.0663362
-0.0717421
-0.0749732
-0.0745611
-0.0690665
-0.0574628
-0.0397629
-0.0178699
0.0032022
0.0143657
0.0084114
-0.0472063
-0.0489295
-0.0480893
-0.046797
-0.046765
-0.0486138
-0.0524383
-0.058004
-0.0647784
-0.071929
-0.078307
-0.0824531
-0.082662
-0.0771531
-0.0644259
-0.0438205
-0.0164665
0.0127485
0.0329119
0.0338566
-0.0588266
-0.0595235
-0.0559198
-0.0518859
-0.0498542
-0.0504733
-0.0537287
-0.0592466
-0.0663358
-0.0740035
-0.0809275
-0.0854531
-0.0856426
-0.0793993
-0.0648149
-0.0406281
-0.00706377
0.0319012
0.0646666
0.0784763
-0.0757242
-0.0727944
-0.0637228
-0.0554331
-0.0506611
-0.0496839
-0.0521689
-0.0574732
-0.0646682
-0.0725403
-0.0795568
-0.0838389
-0.0831943
-0.0751744
-0.0574419
-0.0281561
0.013315
0.0646481
0.115018
0.151049
-0.106538
-0.0909024
-0.0715522
-0.0572367
-0.0490553
-0.0462738
-0.0479629
-0.0530357
-0.0602296
-0.0680749
-0.0748208
-0.0783658
-0.0762511
-0.0656223
-0.0435859
-0.00735815
0.0450676
0.113203
0.191024
0.271552
-0.17811
-0.114438
-0.0747604
-0.0533011
-0.0422246
-0.0383479
-0.0399328
-0.0453212
-0.0528712
-0.060906
-0.0675493
-0.0705818
-0.0673561
-0.0546871
-0.0291153
0.0136491
0.0785888
0.171224
0.298957
0.473176
-0.344869
-0.135679
-0.0554905
-0.031954
-0.0231061
-0.0212783
-0.024964
-0.0323115
-0.0414719
-0.0507544
-0.0583492
-0.0621213
-0.0595627
-0.047695
-0.0221858
0.0220814
0.0939082
0.211213
0.409253
0.738538
)
;

boundaryField
{
    movingWall
    {
        type            zeroGradient;
    }
    fixedWalls
    {
        type            zeroGradient;
    }
    frontAndBack
    {
        type            empty;
    }
}


// ************************************************************************* //
