/*--------------------------------*- C++ -*----------------------------------*\
| =========                 |                                                 |
| \\      /  F ield         | OpenFOAM: The Open Source CFD Toolbox           |
|  \\    /   O peration     | Version:  2606                                  |
|   \\  /    A nd           | Website:  www.openfoam.com                      |
|    \\/     M anipulation  |                                                 |
\*---------------------------------------------------------------------------*/
FoamFile
{
    version     2.0;
    format      ascii;
    arch        "LSB;label=32;scalar=64";
    class       surfaceScalarField;
    location    "1";
    object      phi;
}
// * * * * * * * * * * * * * * * * * * * * * * * * * * * * * * * * * * * * * //

dimensions      [0 3 -1 0 0 0 0];

oriented        oriented;

internalField   nonuniform List<scalar> 
760
(
1.23109e-08
-1.23441e-08
-2.87625e-08
4.10734e-08
-1.22123e-07
9.33609e-08
-2.49688e-07
1.27565e-07
-3.94533e-07
1.44844e-07
-5.42933e-07
1.484e-07
-6.82974e-07
1.40041e-07
-8.02954e-07
1.1998e-07
-8.90681e-07
8.77276e-08
-9.34166e-07
4.34848e-08
-9.23498e-07
-1.06678e-08
-8.5395e-07
-6.95472e-08
-7.28667e-07
-1.25283e-07
-5.60792e-07
-1.67876e-07
-3.73211e-07
-1.8758e-07
-1.9541e-07
-1.77801e-07
-5.72939e-08
-1.38116e-07
1.91021e-08
-7.63957e-08
2.9428e-08
-1.03255e-08
2.94283e-08
-4.29137e-08
3.05695e-08
-2.03046e-07
2.01205e-07
-4.65109e-07
3.55424e-07
-7.95683e-07
4.58138e-07
-1.16048e-06
5.09637e-07
-1.52787e-06
5.15793e-07
-1.86832e-06
4.80486e-07
-2.15303e-06
4.04691e-07
-2.35391e-06
2.88608e-07
-2.44557e-06
1.35152e-07
-2.40956e-06
-4.66833e-08
-2.23873e-06
-2.40378e-07
-1.94307e-06
-4.20935e-07
-1.55195e-06
-5.59003e-07
-1.11325e-06
-6.26276e-07
-6.87205e-07
-6.03845e-07
-3.34538e-07
-4.90782e-07
-1.00997e-07
-3.09936e-07
-1.59353e-09
-1.09728e-07
2.78348e-08
-1.09706e-07
1.40275e-07
-4.00346e-07
4.91845e-07
-8.25553e-07
7.8063e-07
-1.33629e-06
9.68875e-07
-1.88581e-06
1.05916e-06
-2.43073e-06
1.06071e-06
-2.92986e-06
9.79617e-07
-3.34316e-06
8.17995e-07
-3.63237e-06
5.77813e-07
-3.76386e-06
2.66649e-07
-3.71354e-06
-9.70014e-08
-3.47267e-06
-4.81254e-07
-3.05367e-06
-8.39929e-07
-2.49383e-06
-1.11884e-06
-1.85495e-06
-1.26516e-06
-1.21689e-06
-1.24191e-06
-6.63638e-07
-1.04403e-06
-2.63505e-07
-7.10068e-07
-4.84492e-08
-3.24784e-07
-2.06146e-08
-1.7236e-07
3.12635e-07
-5.88954e-07
9.08439e-07
-1.16885e-06
1.36053e-06
-1.84458e-06
1.6446e-06
-2.55833e-06
1.77291e-06
-3.25861e-06
1.76099e-06
-3.89707e-06
1.61807e-06
-4.42679e-06
1.34772e-06
-4.80289e-06
9.53907e-07
-4.9854e-06
4.49158e-07
-4.94426e-06
-1.38138e-07
-4.66547e-06
-7.60045e-07
-4.15797e-06
-1.34743e-06
-3.4593e-06
-1.81751e-06
-2.63817e-06
-2.08629e-06
-1.79037e-06
-2.08971e-06
-1.0249e-06
-1.8095e-06
-4.40275e-07
-1.29469e-06
-9.73064e-08
-6.67753e-07
-1.17921e-07
-2.27898e-07
5.40532e-07
-7.59012e-07
1.43955e-06
-1.47984e-06
2.08136e-06
-2.30489e-06
2.46965e-06
-3.16681e-06
2.63483e-06
-4.00874e-06
2.60292e-06
-4.77858e-06
2.38791e-06
-5.42582e-06
1.99496e-06
-5.90117e-06
1.42926e-06
-6.15875e-06
7.06736e-07
-6.16056e-06
-1.36324e-07
-5.88232e-06
-1.03828e-06
-5.32239e-06
-1.90737e-06
-4.51036e-06
-2.62954e-06
-3.51495e-06
-3.0817e-06
-2.44546e-06
-3.1592e-06
-1.4406e-06
-2.81436e-06
-6.40753e-07
-2.09453e-06
-1.49342e-07
-1.15916e-06
-2.67263e-07
-2.74857e-07
8.15389e-07
-9.04296e-07
2.06899e-06
-1.74721e-06
2.92427e-06
-2.70267e-06
3.4251e-06
-3.69596e-06
3.62812e-06
-4.66745e-06
3.57441e-06
-5.5642e-06
3.28466e-06
-6.33487e-06
2.76563e-06
-6.92768e-06
2.02207e-06
-7.291e-06
1.07006e-06
-7.37696e-06
-5.03649e-08
-7.14609e-06
-1.26915e-06
-6.57879e-06
-2.47467e-06
-5.68722e-06
-3.52111e-06
-4.53074e-06
-4.23818e-06
-3.2267e-06
-4.46325e-06
-1.94661e-06
-4.09445e-06
-8.86613e-07
-3.15452e-06
-2.12258e-07
-1.83352e-06
-4.7952e-07
-3.11471e-07
1.12686e-06
-1.0187e-06
2.77622e-06
-1.95946e-06
3.86503e-06
-3.02104e-06
4.48668e-06
-4.12394e-06
4.73102e-06
-5.20831e-06
4.65878e-06
-6.22318e-06
4.29953e-06
-7.11915e-06
3.6616e-06
-7.84432e-06
2.74724e-06
-8.34278e-06
1.56852e-06
-8.5553e-06
1.62152e-07
-8.42582e-06
-1.39863e-06
-7.90936e-06
-2.99113e-06
-6.99045e-06
-4.44002e-06
-5.70583e-06
-5.52279e-06
-4.1687e-06
-6.00039e-06
-2.57981e-06
-5.68335e-06
-1.20382e-06
-4.53051e-06
-2.95651e-07
-2.74169e-06
-7.7517e-07
-3.3577e-07
1.46263e-06
-1.09609e-06
3.53654e-06
-2.10466e-06
4.8736e-06
-3.24081e-06
5.62283e-06
-4.42284e-06
5.91306e-06
-5.59308e-06
5.82903e-06
-6.70526e-06
5.4117e-06
-7.7151e-06
4.67144e-06
-8.57392e-06
3.60606e-06
-9.22462e-06
2.21922e-06
-9.60006e-06
5.37591e-07
-9.62643e-06
-1.37225e-06
-9.23103e-06
-3.38652e-06
-8.36117e-06
-5.30989e-06
-7.01435e-06
-6.86961e-06
-5.27834e-06
-7.7364e-06
-3.36697e-06
-7.59471e-06
-1.61819e-06
-6.27928e-06
-4.1024e-07
-3.94964e-06
-1.18541e-06
-3.46236e-07
1.80887e-06
-1.13166e-06
4.32197e-06
-2.17253e-06
5.91446e-06
-3.34345e-06
6.79375e-06
-4.56269e-06
7.13229e-06
-5.77688e-06
7.04322e-06
-6.94715e-06
6.58197e-06
-8.03787e-06
5.76216e-06
-9.00815e-06
4.57634e-06
-9.80532e-06
3.01638e-06
-1.03604e-05
1.09265e-06
-1.05871e-05
-1.1455e-06
-1.03872e-05
-3.58645e-06
-9.66548e-06
-6.0316e-06
-8.36355e-06
-8.17154e-06
-6.51442e-06
-9.58554e-06
-4.31124e-06
-9.79789e-06
-2.15089e-06
-8.43963e-06
-5.67929e-07
-5.5326e-06
-1.75334e-06
-3.42952e-07
2.15182e-06
-1.12475e-06
5.10377e-06
-2.15872e-06
6.94843e-06
-3.31679e-06
7.95182e-06
-4.51885e-06
8.33434e-06
-5.71783e-06
8.24221e-06
-6.88488e-06
7.74902e-06
-7.99674e-06
6.87402e-06
-9.02568e-06
5.60529e-06
-9.93089e-06
3.92159e-06
-1.06509e-05
1.81267e-06
-1.10971e-05
-6.99314e-07
-1.11559e-05
-3.52763e-06
-1.0692e-05
-6.4955e-06
-9.58033e-06
-9.28324e-06
-7.76752e-06
-1.13983e-05
-5.3747e-06
-1.21907e-05
-2.81148e-06
-1.10029e-05
-7.82068e-07
-7.56202e-06
-2.53541e-06
-3.29167e-07
2.48099e-06
-1.0825e-06
5.8571e-06
-2.07037e-06
7.9363e-06
-3.16236e-06
9.04382e-06
-4.28168e-06
9.45366e-06
-5.38988e-06
9.35042e-06
-6.47086e-06
8.82999e-06
-7.51736e-06
7.92053e-06
-8.52007e-06
6.60799e-06
-9.45779e-06
4.85932e-06
-1.02884e-05
2.64327e-06
-1.09327e-05
-5.5021e-08
-1.12822e-05
-3.17814e-06
-1.11725e-05
-6.60516e-06
-1.04152e-05
-1.00406e-05
-8.84764e-06
-1.29659e-05
-6.45878e-06
-1.45796e-05
-3.58599e-06
-1.38756e-05
-1.06702e-06
-1.0081e-05
-3.60243e-06
-3.134e-07
2.79439e-06
-1.0244e-06
6.5681e-06
-1.93224e-06
8.84414e-06
-2.90287e-06
1.00144e-05
-3.86585e-06
1.04166e-05
-4.7952e-06
1.02798e-05
-5.69092e-06
9.72571e-06
-6.565e-06
8.79461e-06
-7.43055e-06
7.47354e-06
-8.2921e-06
5.72088e-06
-9.1345e-06
3.48566e-06
-9.9149e-06
7.25382e-07
-1.05316e-05
-2.56146e-06
-1.08284e-05
-6.30839e-06
-1.05723e-05
-1.02966e-05
-9.49065e-06
-1.40475e-05
-7.38949e-06
-1.66807e-05
-4.41928e-06
-1.68458e-05
-1.43535e-06
-1.30649e-05
-5.03777e-06
-3.12669e-07
3.10706e-06
-9.87839e-07
7.24327e-06
-1.79236e-06
9.64866e-06
-2.5872e-06
1.08093e-05
-3.31536e-06
1.11448e-05
-3.9705e-06
1.09349e-05
-4.57362e-06
1.03288e-05
-5.15876e-06
9.37975e-06
-5.76345e-06
8.07823e-06
-6.42068e-06
6.37811e-06
-7.14975e-06
4.21474e-06
-7.94434e-06
1.51997e-06
-8.7479e-06
-1.7579e-06
-9.43281e-06
-5.62347e-06
-9.76411e-06
-9.96531e-06
-9.39011e-06
-1.44215e-05
-7.91788e-06
-1.8153e-05
-5.19487e-06
-1.95689e-05
-1.8894e-06
-1.63704e-05
-6.92718e-06
-3.58237e-07
3.46529e-06
-1.03495e-06
7.91999e-06
-1.72515e-06
1.03389e-05
-2.2887e-06
1.13728e-05
-2.6979e-06
1.1554e-05
-2.97867e-06
1.12157e-05
-3.18e-06
1.05302e-05
-3.36042e-06
9.56016e-06
-3.58139e-06
8.2992e-06
-3.90271e-06
6.69943e-06
-4.37684e-06
4.68887e-06
-5.03934e-06
2.18247e-06
-5.8897e-06
-9.07538e-07
-6.86099e-06
-4.65218e-06
-7.76783e-06
-9.05848e-06
-8.24534e-06
-1.3944e-05
-7.73897e-06
-1.86593e-05
-5.7184e-06
-2.15894e-05
-2.40269e-06
-1.96861e-05
-9.32987e-06
-5.06029e-07
3.97132e-06
-1.25957e-06
8.67353e-06
-1.82497e-06
1.09043e-05
-2.08531e-06
1.16332e-05
-2.07425e-06
1.15429e-05
-1.86954e-06
1.1011e-05
-1.55689e-06
1.02175e-05
-1.22114e-06
9.22441e-06
-9.44944e-07
8.02301e-06
-8.09562e-07
6.56405e-06
-8.94062e-07
4.77337e-06
-1.2716e-06
2.56001e-06
-1.99851e-06
-1.80634e-07
-3.087e-06
-3.56369e-06
-4.45024e-06
-7.69524e-06
-5.79859e-06
-1.25957e-05
-6.5165e-06
-1.79414e-05
-5.70546e-06
-2.24005e-05
-2.88671e-06
-2.25049e-05
-1.22166e-05
-8.51102e-07
4.82242e-06
-1.77934e-06
9.60177e-06
-2.15942e-06
1.12843e-05
-1.98113e-06
1.14549e-05
-1.39777e-06
1.09596e-05
-5.64188e-07
1.01774e-05
3.89393e-07
9.26392e-06
1.35317e-06
8.26062e-06
2.22852e-06
7.14767e-06
2.9208e-06
5.87177e-06
3.33376e-06
4.3604e-06
3.36719e-06
2.52658e-06
2.91824e-06
2.68314e-07
1.89867e-06
-2.54412e-06
2.71977e-07
-6.06855e-06
-1.83101e-06
-1.04927e-05
-3.89165e-06
-1.58808e-05
-4.76727e-06
-2.15248e-05
-3.14798e-06
-2.41241e-05
-1.53646e-05
-1.52649e-06
6.34891e-06
-2.63165e-06
1.07069e-05
-2.56112e-06
1.12138e-05
-1.63511e-06
1.05289e-05
-2.1481e-07
9.53929e-06
1.45001e-06
8.51256e-06
3.1897e-06
7.52423e-06
4.88077e-06
6.56956e-06
6.42238e-06
5.60605e-06
7.71974e-06
4.57442e-06
8.67292e-06
3.40722e-06
9.16949e-06
2.03002e-06
9.07726e-06
3.60542e-07
8.2533e-06
-1.72016e-06
6.54892e-06
-4.36417e-06
3.89704e-06
-7.8408e-06
5.66931e-07
-1.25507e-05
-2.37709e-06
-1.85808e-05
-2.85617e-06
-2.36451e-05
-1.82207e-05
-2.58762e-06
8.93654e-06
-3.22607e-06
1.13454e-05
-1.86531e-06
9.85305e-06
4.33279e-07
8.23029e-06
3.06625e-06
6.90632e-06
5.75057e-06
5.82824e-06
8.33704e-06
4.93776e-06
1.07324e-05
4.1742e-06
1.28649e-05
3.47356e-06
1.46634e-05
2.77593e-06
1.6044e-05
2.02658e-06
1.6901e-05
1.17304e-06
1.70963e-05
1.65186e-07
1.64658e-05
-1.08966e-06
1.47846e-05
-2.68289e-06
1.1803e-05
-4.85925e-06
7.39998e-06
-8.14764e-06
2.25644e-06
-1.34373e-05
-1.19899e-06
-2.01896e-05
-1.94197e-05
-2.63265e-06
1.15692e-05
-7.22626e-08
8.78499e-06
4.22545e-06
5.55534e-06
8.42956e-06
4.02617e-06
1.22499e-05
3.08593e-06
1.56668e-05
2.41136e-06
1.86878e-05
1.9168e-06
2.1323e-05
1.53898e-06
2.35727e-05
1.22391e-06
2.54167e-05
9.31895e-07
2.68094e-05
6.33911e-07
2.76734e-05
3.09025e-07
2.78967e-05
-5.81763e-08
2.73389e-05
-5.31796e-07
2.57561e-05
-1.10014e-06
2.28025e-05
-1.90566e-06
1.79643e-05
-3.3094e-06
1.09246e-05
-6.39759e-06
3.1831e-06
-1.24481e-05
-1.62366e-05
1.15692e-05
2.03542e-05
2.59095e-05
2.99357e-05
3.30216e-05
3.5433e-05
3.73498e-05
3.88888e-05
4.01127e-05
4.10446e-05
4.16785e-05
4.19875e-05
4.19293e-05
4.13975e-05
4.02974e-05
3.83917e-05
3.50823e-05
2.86847e-05
1.62366e-05
)
;

boundaryField
{
    movingWall
    {
        type            calculated;
        value           uniform 0;
    }
    fixedWalls
    {
        type            calculated;
        value           uniform 0;
    }
    frontAndBack
    {
        type            empty;
    }
}


// ************************************************************************* //
