/*--------------------------------*- C++ -*----------------------------------*\
| =========                 |                                                 |
| \\      /  F ield         | OpenFOAM: The Open Source CFD Toolbox           |
|  \\    /   O peration     | Version:  2606                                  |
|   \\  /    A nd           | Website:  www.openfoam.com                      |
|    \\/     M anipulation  |                                                 |
\*---------------------------------------------------------------------------*/
FoamFile
{
    version     2.0;
    format      ascii;
    arch        "LSB;label=32;scalar=64";
    class       volVectorField;
    location    "1";
    object      U;
}
// * * * * * * * * * * * * * * * * * * * * * * * * * * * * * * * * * * * * * //

dimensions      [0 1 -1 0 0 0 0];

internalField   nonuniform List<vector> 
400
(
(0.000248485 -0.000251303 0)
(6.88347e-05 0.000126181 0)
(-0.00133131 0.00054636 0)
(-0.00361326 0.000818979 0)
(-0.00640154 0.000958847 0)
(-0.00939132 0.00100084 0)
(-0.0123297 0.00096368 0)
(-0.0149828 0.000848312 0)
(-0.0171108 0.000646322 0)
(-0.018466 0.000352621 0)
(-0.0188204 -2.23908e-05 0)
(-0.0180171 -0.000445773 0)
(-0.0160318 -0.000855213 0)
(-0.0130258 -0.00117082 0)
(-0.00936631 -0.00131187 0)
(-0.00559464 -0.00122193 0)
(-0.00233038 -0.000894893 0)
(-0.00012445 -0.000393636 0)
(0.000725615 0.000134268 0)
(0.000398251 0.000379074 0)
(-0.000140637 -8.27728e-05 0)
(-0.00190983 0.00182125 0)
(-0.00625734 0.00367945 0)
(-0.0123674 0.00492603 0)
(-0.0194817 0.0055664 0)
(-0.0269513 0.0056906 0)
(-0.0341714 0.00535472 0)
(-0.0405597 0.00456783 0)
(-0.0455415 0.00332024 0)
(-0.0485679 0.00163008 0)
(-0.0491795 -0.000411916 0)
(-0.047099 -0.00261464 0)
(-0.0423399 -0.00468395 0)
(-0.0352925 -0.00626158 0)
(-0.0267452 -0.00700051 0)
(-0.0178175 -0.00666942 0)
(-0.00977766 -0.00525941 0)
(-0.00375528 -0.00305669 0)
(-0.000418579 -0.000679262 0)
(0.000266402 0.000760035 0)
(-0.000671141 0.0014457 0)
(-0.00429907 0.00632608 0)
(-0.0116687 0.0105738 0)
(-0.0213122 0.013403 0)
(-0.0321445 0.0148095 0)
(-0.0432989 0.0149322 0)
(-0.0539424 0.0138662 0)
(-0.0632604 0.0116398 0)
(-0.0704599 0.00827076 0)
(-0.0748029 0.0038566 0)
(-0.0756875 -0.00133998 0)
(-0.0727601 -0.00684097 0)
(-0.0660382 -0.0119626 0)
(-0.0560133 -0.0158941 0)
(-0.0436901 -0.0178568 0)
(-0.0305287 -0.0173271 0)
(-0.0182386 -0.0142714 0)
(-0.00842158 -0.00930845 0)
(-0.00221455 -0.00375187 0)
(-5.95322e-05 0.000286979 0)
(-0.00116059 0.00429121 0)
(-0.00657704 0.0134573 0)
(-0.0168588 0.0207197 0)
(-0.0297976 0.0253951 0)
(-0.0439755 0.0275891 0)
(-0.0583672 0.0275299 0)
(-0.0719965 0.0253633 0)
(-0.0839083 0.0211445 0)
(-0.0931738 0.0149339 0)
(-0.0989248 0.00693423 0)
(-0.100436 -0.00238468 0)
(-0.0972391 -0.0122156 0)
(-0.0892582 -0.0214198 0)
(-0.0769416 -0.0286441 0)
(-0.0613528 -0.0325569 0)
(-0.0441728 -0.0322013 0)
(-0.0275235 -0.0273998 0)
(-0.0135704 -0.019063 0)
(-0.0041241 -0.00925589 0)
(-0.000362934 -0.00114615 0)
(-0.00158512 0.00832383 0)
(-0.00861331 0.023 0)
(-0.0215562 0.0338097 0)
(-0.03749 0.0404918 0)
(-0.0546846 0.0434302 0)
(-0.0719995 0.0430182 0)
(-0.0883805 0.0394791 0)
(-0.102803 0.0329 0)
(-0.114261 0.0233787 0)
(-0.121788 0.0112105 0)
(-0.12452 -0.00294672 0)
(-0.121804 -0.017971 0)
(-0.113347 -0.0322609 0)
(-0.0993913 -0.0438583 0)
(-0.0808972 -0.0507356 0)
(-0.0596591 -0.0512815 0)
(-0.0382239 -0.0449297 0)
(-0.0194902 -0.0327164 0)
(-0.00623197 -0.0174636 0)
(-0.000652793 -0.00356925 0)
(-0.00193785 0.0133888 0)
(-0.0103392 0.0346875 0)
(-0.0255804 0.0495455 0)
(-0.0441185 0.0583945 0)
(-0.0639606 0.0620666 0)
(-0.0838956 0.0612107 0)
(-0.102848 0.0561642 0)
(-0.119783 0.0470471 0)
(-0.13367 0.0339693 0)
(-0.143466 0.0172689 0)
(-0.148154 -0.00227546 0)
(-0.146828 -0.0232889 0)
(-0.138852 -0.0437506 0)
(-0.12409 -0.061055 0)
(-0.103199 -0.0723095 0)
(-0.0779186 -0.0749338 0)
(-0.0511759 -0.0675699 0)
(-0.0267674 -0.0510518 0)
(-0.00881578 -0.0289131 0)
(-0.000993358 -0.00711036 0)
(-0.00220729 0.0192972 0)
(-0.0116852 0.0481545 0)
(-0.0287576 0.0675051 0)
(-0.0493969 0.0786894 0)
(-0.0714133 0.083141 0)
(-0.0935706 0.0818567 0)
(-0.114825 0.075329 0)
(-0.134192 0.0637097 0)
(-0.150669 0.0470807 0)
(-0.163175 0.0257458 0)
(-0.170545 0.000496623 0)
(-0.171595 -0.0271663 0)
(-0.165257 -0.0548925 0)
(-0.150845 -0.0794424 0)
(-0.128468 -0.09691 0)
(-0.099536 -0.103371 0)
(-0.0671557 -0.0960915 0)
(-0.0360775 -0.0751114 0)
(-0.0122309 -0.044458 0)
(-0.00146826 -0.0120769 0)
(-0.0023788 0.0258212 0)
(-0.0125799 0.0629464 0)
(-0.0309146 0.0871451 0)
(-0.0530198 0.100823 0)
(-0.0765779 0.106143 0)
(-0.10037 0.104539 0)
(-0.123435 0.0967059 0)
(-0.144897 0.0828273 0)
(-0.163848 0.062914 0)
(-0.179238 0.0371454 0)
(-0.189819 0.0061894 0)
(-0.194156 -0.0285017 0)
(-0.190727 -0.0644106 0)
(-0.178181 -0.097777 0)
(-0.155823 -0.12363 0)
(-0.124339 -0.136347 0)
(-0.0865765 -0.131077 0)
(-0.0480365 -0.10609 0)
(-0.0168752 -0.0652841 0)
(-0.00217985 -0.0189848 0)
(-0.00244155 0.0326957 0)
(-0.0129705 0.0785303 0)
(-0.0319134 0.107807 0)
(-0.0547133 0.124084 0)
(-0.078985 0.130358 0)
(-0.103563 0.128587 0)
(-0.127612 0.119719 0)
(-0.150429 0.103988 0)
(-0.17128 0.0812996 0)
(-0.189249 0.0516248 0)
(-0.203127 0.0153661 0)
(-0.211345 -0.0262658 0)
(-0.212014 -0.0708353 0)
(-0.203106 -0.114316 0)
(-0.182919 -0.150803 0)
(-0.150956 -0.172786 0)
(-0.109119 -0.172515 0)
(-0.0630212 -0.145073 0)
(-0.0231729 -0.0928519 0)
(-0.00326226 -0.02858 0)
(-0.00240014 0.0396368 0)
(-0.0128617 0.0943261 0)
(-0.0317205 0.128733 0)
(-0.0543321 0.147596 0)
(-0.078288 0.154826 0)
(-0.102505 0.152997 0)
(-0.126321 0.143379 0)
(-0.149262 0.126288 0)
(-0.170859 0.101523 0)
(-0.19046 0.0687924 0)
(-0.20706 0.0281182 0)
(-0.219158 -0.0197319 0)
(-0.224718 -0.0727061 0)
(-0.221178 -0.126911 0)
(-0.205781 -0.175902 0)
(-0.176456 -0.210421 0)
(-0.133307 -0.219253 0)
(-0.0809009 -0.192559 0)
(-0.0315438 -0.128728 0)
(-0.00490411 -0.0418682 0)
(-0.00229053 0.0463875 0)
(-0.0123689 0.109775 0)
(-0.0305002 0.149123 0)
(-0.0519884 0.170339 0)
(-0.0744309 0.178343 0)
(-0.096865 0.176421 0)
(-0.118847 0.166246 0)
(-0.140199 0.148274 0)
(-0.160802 0.122228 0)
(-0.180389 0.0875549 0)
(-0.198351 0.0438406 0)
(-0.213508 -0.00874813 0)
(-0.224001 -0.0689197 0)
(-0.227061 -0.133338 0)
(-0.219073 -0.195701 0)
(-0.196254 -0.245635 0)
(-0.156129 -0.268453 0)
(-0.100653 -0.247767 0)
(-0.0423088 -0.174238 0)
(-0.00737364 -0.0601464 0)
(-0.00220307 0.0528005 0)
(-0.0117858 0.124458 0)
(-0.0287222 0.168219 0)
(-0.0481859 0.191212 0)
(-0.067811 0.199507 0)
(-0.0868297 0.197212 0)
(-0.105092 0.186485 0)
(-0.122777 0.167994 0)
(-0.140179 0.141447 0)
(-0.157514 0.106076 0)
(-0.174719 0.0610383 0)
(-0.19125 0.00582409 0)
(-0.205714 -0.0592127 0)
(-0.215566 -0.131856 0)
(-0.216907 -0.206804 0)
(-0.204513 -0.2737 0)
(-0.172931 -0.315278 0)
(-0.119937 -0.307829 0)
(-0.0554643 -0.229847 0)
(-0.0110261 -0.0850108 0)
(-0.00232188 0.0589718 0)
(-0.0116799 0.138258 0)
(-0.0272763 0.185428 0)
(-0.0439257 0.209113 0)
(-0.059375 0.216792 0)
(-0.0732148 0.213522 0)
(-0.0857139 0.202008 0)
(-0.0974806 0.183178 0)
(-0.109271 0.156793 0)
(-0.12182 0.12195 0)
(-0.135688 0.0774553 0)
(-0.151057 0.0221763 0)
(-0.167365 -0.0444889 0)
(-0.182866 -0.121873 0)
(-0.194051 -0.206505 0)
(-0.195057 -0.289567 0)
(-0.177779 -0.353154 0)
(-0.134813 -0.367148 0)
(-0.0702589 -0.294179 0)
(-0.0162427 -0.118244 0)
(-0.00300164 0.0654634 0)
(-0.0130389 0.151576 0)
(-0.0275817 0.200407 0)
(-0.0407212 0.222965 0)
(-0.0505421 0.228596 0)
(-0.0573186 0.223407 0)
(-0.0619412 0.210639 0)
(-0.065536 0.19147 0)
(-0.0693304 0.165743 0)
(-0.0745539 0.132502 0)
(-0.0823495 0.090343 0)
(-0.093636 0.0376724 0)
(-0.108832 -0.0269903 0)
(-0.127395 -0.104502 0)
(-0.147036 -0.193789 0)
(-0.162493 -0.289115 0)
(-0.164223 -0.374768 0)
(-0.13978 -0.417397 0)
(-0.0845557 -0.362809 0)
(-0.0231969 -0.161384 0)
(-0.00491248 0.0736923 0)
(-0.0174911 0.165544 0)
(-0.0316127 0.213035 0)
(-0.0403351 0.231613 0)
(-0.042692 0.233162 0)
(-0.0402187 0.224819 0)
(-0.0347089 0.210192 0)
(-0.0278971 0.190586 0)
(-0.0214617 0.16588 0)
(-0.0170377 0.135104 0)
(-0.016227 0.0967686 0)
(-0.0205645 0.0490527 0)
(-0.0313839 -0.0100744 0)
(-0.0494812 -0.0826576 0)
(-0.0744098 -0.169999 0)
(-0.102897 -0.270476 0)
(-0.12604 -0.373692 0)
(-0.128009 -0.448471 0)
(-0.0940621 -0.427436 0)
(-0.03127 -0.214968 0)
(-0.00924569 0.0866633 0)
(-0.0274643 0.182131 0)
(-0.0413852 0.223062 0)
(-0.0435035 0.233417 0)
(-0.0353387 0.228267 0)
(-0.0205812 0.215405 0)
(-0.00221665 0.198377 0)
(0.0173748 0.178323 0)
(0.0361406 0.155015 0)
(0.0521835 0.127446 0)
(0.0636251 0.0941366 0)
(0.0685275 0.0532637 0)
(0.0648649 0.00266183 0)
(0.0506868 -0.0602832 0)
(0.0244816 -0.138551 0)
(-0.0134644 -0.234616 0)
(-0.0573877 -0.34582 0)
(-0.0914067 -0.450032 0)
(-0.0916894 -0.476111 0)
(-0.037947 -0.278046 0)
(-0.0177165 0.110461 0)
(-0.0453327 0.203283 0)
(-0.0558084 0.228345 0)
(-0.0449613 0.224652 0)
(-0.0202703 0.210035 0)
(0.0114761 0.191708 0)
(0.0461264 0.172308 0)
(0.0808849 0.152321 0)
(0.113591 0.131175 0)
(0.142351 0.107759 0)
(0.16527 0.0806697 0)
(0.180283 0.0482688 0)
(0.184974 0.00861961 0)
(0.176663 -0.0407728 0)
(0.152323 -0.103395 0)
(0.109239 -0.184497 0)
(0.0480781 -0.289661 0)
(-0.0201544 -0.412342 0)
(-0.0673285 -0.493242 0)
(-0.0372014 -0.346367 0)
(-0.0307477 0.156273 0)
(-0.0670199 0.225362 0)
(-0.0568178 0.217325 0)
(-0.0171155 0.194023 0)
(0.0340021 0.169788 0)
(0.0880709 0.147615 0)
(0.141276 0.127927 0)
(0.19142 0.110078 0)
(0.23696 0.0929745 0)
(0.276544 0.0754044 0)
(0.308681 0.0561351 0)
(0.331547 0.0338855 0)
(0.342714 0.00721804 0)
(0.339337 -0.02567 0)
(0.317563 -0.0675959 0)
(0.272569 -0.124161 0)
(0.199857 -0.206451 0)
(0.0998483 -0.326954 0)
(-0.00546273 -0.45646 0)
(-0.0153924 -0.398697 0)
(-0.028231 0.226597 0)
(-0.0421775 0.223688 0)
(0.0373314 0.166005 0)
(0.126954 0.128084 0)
(0.208253 0.102135 0)
(0.280662 0.0826658 0)
(0.344977 0.0676599 0)
(0.40151 0.0556398 0)
(0.450364 0.0452717 0)
(0.491372 0.0354587 0)
(0.523912 0.0253052 0)
(0.546811 0.0140312 0)
(0.558137 0.000878705 0)
(0.555576 -0.0148564 0)
(0.535306 -0.0348937 0)
(0.491836 -0.062592 0)
(0.416831 -0.107519 0)
(0.29715 -0.193987 0)
(0.132856 -0.33315 0)
(0.0673805 -0.369494 0)
(0.261516 0.137394 0)
(0.324117 0.11811 0)
(0.455354 0.0773784 0)
(0.560454 0.0519928 0)
(0.633152 0.036548 0)
(0.686961 0.02637 0)
(0.729434 0.0194345 0)
(0.763634 0.0145645 0)
(0.791072 0.0109059 0)
(0.812531 0.0078535 0)
(0.828185 0.00498387 0)
(0.837701 0.00199353 0)
(0.840311 -0.00136227 0)
(0.834698 -0.00512074 0)
(0.818649 -0.00986418 0)
(0.788858 -0.0164503 0)
(0.737904 -0.0273983 0)
(0.647977 -0.0517993 0)
(0.474692 -0.111389 0)
(0.341588 -0.155792 0)
)
;

boundaryField
{
    movingWall
    {
        type            fixedValue;
        value           uniform (1 0 0);
    }
    fixedWalls
    {
        type            noSlip;
    }
    frontAndBack
    {
        type            empty;
    }
}


// ************************************************************************* //
