/*--------------------------------*- C++ -*----------------------------------*\
| =========                 |                                                 |
| \\      /  F ield         | OpenFOAM: The Open Source CFD Toolbox           |
|  \\    /   O peration     | Version:  2606                                  |
|   \\  /    A nd           | Website:  www.openfoam.com                      |
|    \\/     M anipulation  |                                                 |
\*---------------------------------------------------------------------------*/
FoamFile
{
    version     2.0;
    format      ascii;
    arch        "LSB;label=32;scalar=64";
    class       volScalarField;
    location    "0.6";
    object      p;
}
// * * * * * * * * * * * * * * * * * * * * * * * * * * * * * * * * * * * * * //

dimensions      [0 2 -2 0 0 0 0];

internalField   nonuniform List<scalar> 
400
(
-4.61955e-09
-0.000579135
-0.00121662
-0.0016872
-0.00187902
-0.00174315
-0.00126152
-0.000431647
0.000730348
0.0021762
0.00381138
0.00548767
0.00701527
0.00819026
0.008843
0.00889298
0.00839269
0.00754122
0.00665522
0.0061201
0.000571536
-3.14734e-05
-0.000522725
-0.000833906
-0.000934237
-0.000792345
-0.000390638
0.00027801
0.00120651
0.00236151
0.00367116
0.00502272
0.00626193
0.00722455
0.00777338
0.00784389
0.00747886
0.00683337
0.0061322
0.00559191
0.00124491
0.000414368
-0.000104957
-0.000377152
-0.000460736
-0.000348667
-2.81663e-05
0.000513397
0.00128257
0.00226496
0.00340986
0.00462116
0.00575904
0.00666276
0.00718897
0.00725941
0.00689954
0.00624176
0.00545433
0.00468302
0.0017408
0.000615768
-1.20944e-05
-0.000316478
-0.000437754
-0.000391317
-0.000167696
0.000254518
0.000900167
0.00177762
0.00285727
0.00405646
0.00523376
0.00620988
0.0068075
0.00690787
0.00650447
0.00571512
0.00468287
0.00353296
0.00183097
0.000417435
-0.000338196
-0.000708119
-0.000905085
-0.0009615
-0.000866441
-0.000584637
-6.7179e-05
0.000723254
0.00178363
0.00305101
0.0043779
0.00555549
0.00635048
0.00657414
0.00616149
0.00520637
0.00384072
0.00220276
0.00132021
-0.000351958
-0.00123799
-0.00169881
-0.00200972
-0.0022148
-0.00229682
-0.00220126
-0.00184831
-0.00116213
-0.000107485
0.00128756
0.00287427
0.00441137
0.00558828
0.0061073
0.00580015
0.00470602
0.00294112
0.000683989
4.3889e-05
-0.00184573
-0.00285896
-0.00343573
-0.00390485
-0.00431861
-0.00465035
-0.00482201
-0.00471541
-0.00420149
-0.00318052
-0.00164948
0.000291401
0.00237234
0.00418765
0.00528174
0.00531215
0.00419727
0.00199804
-0.00105082
-0.00213102
-0.00418932
-0.00532371
-0.0060428
-0.00672132
-0.00741945
-0.0081013
-0.00866353
-0.00894317
-0.00874526
-0.00788688
-0.00626513
-0.00391974
-0.00110917
0.00166894
0.00375114
0.00452061
0.00365449
0.00105524
-0.00299823
-0.00529759
-0.00747143
-0.00871754
-0.00960242
-0.0105418
-0.0116077
-0.0127599
-0.0138723
-0.0147346
-0.0150726
-0.0145909
-0.0130449
-0.0103441
-0.00667147
-0.00257839
0.00103555
0.0031612
0.00304533
0.000222384
-0.00506488
-0.00949812
-0.0117344
-0.0130732
-0.0141303
-0.0153632
-0.0168662
-0.0186042
-0.0204369
-0.0221096
-0.0232628
-0.0234635
-0.0222794
-0.0194177
-0.0148811
-0.00918132
-0.00342322
0.000895552
0.00234214
-0.000276896
-0.00697913
-0.0147191
-0.0169715
-0.018361
-0.0195525
-0.02106
-0.0230172
-0.0254101
-0.0280962
-0.0307859
-0.0330363
-0.0342662
-0.0338196
-0.0311434
-0.0259326
-0.0185115
-0.0100623
-0.00257563
0.00158248
-2.92906e-05
-0.00814486
-0.0209027
-0.0231397
-0.0244896
-0.0256927
-0.0273586
-0.0296894
-0.0327095
-0.0362873
-0.0401091
-0.0436582
-0.0462148
-0.0469064
-0.0448127
-0.0392887
-0.0302835
-0.0188244
-0.00723499
0.00103802
0.00170078
-0.0074008
-0.0279878
-0.0301946
-0.0313227
-0.0322728
-0.0338354
-0.0363205
-0.0398053
-0.0441747
-0.0490955
-0.0539851
-0.0579952
-0.0600385
-0.0588887
-0.0534596
-0.0432018
-0.0287175
-0.0123269
0.00153173
0.0062144
-0.00264988
-0.0360084
-0.0381579
-0.0387063
-0.0389254
-0.0399404
-0.0422094
-0.0458614
-0.0507851
-0.0566142
-0.0626958
-0.0680604
-0.0714303
-0.071299
-0.0661721
-0.0549483
-0.0375932
-0.0159966
0.00481776
0.0157527
0.0096084
-0.0453072
-0.0472248
-0.04649
-0.0452042
-0.0450416
-0.0466104
-0.0500511
-0.0552144
-0.0616585
-0.068633
-0.0750365
-0.0794096
-0.0799913
-0.0749582
-0.0626812
-0.04243
-0.0153101
0.0137613
0.0337893
0.0345283
-0.05701
-0.0579359
-0.0545174
-0.0505823
-0.0484861
-0.0488539
-0.0517254
-0.0568388
-0.063595
-0.0711037
-0.0780953
-0.0829193
-0.0835949
-0.0779012
-0.0638561
-0.0400825
-0.00675699
0.032151
0.0648878
0.0785509
-0.0741718
-0.0714872
-0.062681
-0.0545701
-0.049772
-0.0485395
-0.0506152
-0.0554754
-0.0623124
-0.0700146
-0.0771063
-0.0817126
-0.0815906
-0.0742017
-0.0570908
-0.0283046
0.0128571
0.0642024
0.114589
0.150547
-0.105388
-0.0899913
-0.0709705
-0.0568733
-0.048664
-0.0455952
-0.0468313
-0.0514162
-0.0582165
-0.0658647
-0.0726672
-0.0765263
-0.0749328
-0.0649484
-0.0435652
-0.00788208
0.0441995
0.112242
0.19012
0.270598
-0.177296
-0.113832
-0.0745398
-0.0533048
-0.0421898
-0.0380093
-0.0391212
-0.0439997
-0.0511305
-0.0589364
-0.0655981
-0.0689066
-0.0661907
-0.0540986
-0.0291507
0.0130688
0.0776362
0.170105
0.297828
0.472085
-0.34411
-0.13516
-0.0553572
-0.0320921
-0.0232458
-0.0211451
-0.0243757
-0.0312128
-0.0399326
-0.0489432
-0.0564936
-0.0604555
-0.058285
-0.0470152
-0.0221084
0.0216306
0.0930691
0.210171
0.408165
0.737469
)
;

boundaryField
{
    movingWall
    {
        type            zeroGradient;
    }
    fixedWalls
    {
        type            zeroGradient;
    }
    frontAndBack
    {
        type            empty;
    }
}


// ************************************************************************* //
