/*--------------------------------*- C++ -*----------------------------------*\
| =========                 |                                                 |
| \\      /  F ield         | OpenFOAM: The Open Source CFD Toolbox           |
|  \\    /   O peration     | Version:  2606                                  |
|   \\  /    A nd           | Website:  www.openfoam.com                      |
|    \\/     M anipulation  |                                                 |
\*---------------------------------------------------------------------------*/
FoamFile
{
    version     2.0;
    format      ascii;
    arch        "LSB;label=32;scalar=64";
    class       surfaceScalarField;
    location    "0.6";
    object      phi;
}
// * * * * * * * * * * * * * * * * * * * * * * * * * * * * * * * * * * * * * //

dimensions      [0 3 -1 0 0 0 0];

oriented        oriented;

internalField   nonuniform List<scalar> 
760
(
1.02598e-08
-1.02593e-08
-2.93824e-08
3.96421e-08
-1.17455e-07
8.80725e-08
-2.36999e-07
1.19545e-07
-3.72298e-07
1.35299e-07
-5.10653e-07
1.38355e-07
-6.41123e-07
1.30471e-07
-7.53064e-07
1.11941e-07
-8.35411e-07
8.23468e-08
-8.77203e-07
4.17919e-08
-8.69217e-07
-7.9861e-09
-8.06745e-07
-6.24715e-08
-6.92154e-07
-1.14591e-07
-5.3698e-07
-1.55174e-07
-3.61923e-07
-1.75057e-07
-1.94177e-07
-1.67746e-07
-6.18999e-08
-1.32277e-07
1.342e-08
-7.53199e-08
2.63775e-08
-1.29576e-08
2.63776e-08
-4.10921e-08
3.08328e-08
-1.91222e-07
1.89772e-07
-4.35419e-07
3.3227e-07
-7.42773e-07
4.269e-07
-1.08168e-06
4.74202e-07
-1.42309e-06
4.79772e-07
-1.74003e-06
4.47408e-07
-2.00626e-06
3.78166e-07
-2.19607e-06
2.72159e-07
-2.28595e-06
1.31673e-07
-2.25831e-06
-3.56285e-08
-2.10553e-06
-2.15245e-07
-1.83561e-06
-3.84518e-07
-1.47446e-06
-5.16322e-07
-1.06566e-06
-5.83859e-07
-6.64979e-07
-5.68422e-07
-3.29673e-07
-4.67583e-07
-1.04003e-07
-3.0099e-07
-4.4466e-09
-1.12514e-07
2.19311e-08
-1.01985e-07
1.32818e-07
-3.71172e-07
4.58959e-07
-7.64714e-07
7.25812e-07
-1.23759e-06
8.9977e-07
-1.74693e-06
9.83547e-07
-2.25308e-06
9.85917e-07
-2.71843e-06
9.12761e-07
-3.10636e-06
7.66097e-07
-3.38153e-06
5.47325e-07
-3.51232e-06
2.62469e-07
-3.47529e-06
-7.26566e-08
-3.26065e-06
-4.29884e-07
-2.87814e-06
-7.67033e-07
-2.36079e-06
-1.03367e-06
-1.76514e-06
-1.17951e-06
-1.16554e-06
-1.16803e-06
-6.41317e-07
-9.918e-07
-2.58321e-07
-6.83986e-07
-4.92849e-08
-3.21551e-07
-2.73537e-08
-1.58535e-07
2.91353e-07
-5.42245e-07
8.4267e-07
-1.07734e-06
1.2609e-06
-1.70219e-06
1.52462e-06
-2.36398e-06
1.64534e-06
-3.01568e-06
1.63761e-06
-3.61304e-06
1.51012e-06
-4.11286e-06
1.26592e-06
-4.47317e-06
9.07633e-07
-4.65579e-06
4.45088e-07
-4.63101e-06
-9.74365e-08
-4.38346e-06
-6.7743e-07
-3.9193e-06
-1.23119e-06
-3.27183e-06
-1.68114e-06
-2.50435e-06
-1.94698e-06
-1.70661e-06
-1.96577e-06
-9.81886e-07
-1.71652e-06
-4.24712e-07
-1.24116e-06
-9.5071e-08
-6.51191e-07
-1.22425e-07
-2.08885e-07
5.00237e-07
-6.97579e-07
1.33136e-06
-1.36302e-06
1.92634e-06
-2.12726e-06
2.28887e-06
-2.9288e-06
2.44688e-06
-3.71563e-06
2.42444e-06
-4.43984e-06
2.23434e-06
-5.05445e-06
1.88053e-06
-5.51273e-06
1.36592e-06
-5.77015e-06
7.02503e-07
-5.78889e-06
-7.86926e-08
-5.54322e-06
-9.23101e-07
-5.02923e-06
-1.74518e-06
-4.27298e-06
-2.43739e-06
-3.33834e-06
-2.88162e-06
-2.32855e-06
-2.97557e-06
-1.37559e-06
-2.66948e-06
-6.13925e-07
-2.00282e-06
-1.43847e-07
-1.12127e-06
-2.66272e-07
-2.52398e-07
7.52635e-07
-8.33311e-07
1.91228e-06
-1.6144e-06
2.70743e-06
-2.50348e-06
3.17795e-06
-3.4322e-06
3.37559e-06
-4.34583e-06
3.33807e-06
-5.1954e-06
3.08391e-06
-5.93256e-06
2.61769e-06
-6.50747e-06
1.94082e-06
-6.86926e-06
1.06429e-06
-6.97017e-06
2.22213e-08
-6.76937e-06
-1.12391e-06
-6.24596e-06
-2.26859e-06
-5.40977e-06
-3.27358e-06
-4.31662e-06
-3.97478e-06
-3.07848e-06
-4.2137e-06
-1.85962e-06
-3.88835e-06
-8.48109e-07
-3.01433e-06
-2.0334e-07
-1.76604e-06
-4.69612e-07
-2.87946e-07
1.04058e-06
-9.45127e-07
2.56946e-06
-1.82296e-06
3.58527e-06
-2.81792e-06
4.17291e-06
-3.85702e-06
4.4147e-06
-4.88515e-06
4.3662e-06
-5.85476e-06
4.05352e-06
-6.71874e-06
3.48167e-06
-7.42631e-06
2.64839e-06
-7.92178e-06
1.55976e-06
-8.14501e-06
2.45451e-07
-8.03998e-06
-1.22893e-06
-7.56063e-06
-2.74794e-06
-6.69081e-06
-4.1434e-06
-5.46577e-06
-5.19983e-06
-3.99509e-06
-5.68437e-06
-2.47278e-06
-5.41066e-06
-1.15375e-06
-4.33336e-06
-2.83112e-07
-2.63668e-06
-7.52724e-07
-3.13958e-07
1.35454e-06
-1.02796e-06
3.28346e-06
-1.97851e-06
4.53582e-06
-3.05375e-06
5.24815e-06
-4.17825e-06
5.53919e-06
-5.29869e-06
5.48664e-06
-6.37162e-06
5.12644e-06
-7.35417e-06
4.46422e-06
-8.19785e-06
3.49208e-06
-8.84489e-06
2.20679e-06
-9.22708e-06
6.2764e-07
-9.26995e-06
-1.18606e-06
-8.90072e-06
-3.11717e-06
-8.06748e-06
-4.97663e-06
-6.76869e-06
-6.49861e-06
-5.09151e-06
-7.36156e-06
-3.24524e-06
-7.25693e-06
-1.55781e-06
-6.0208e-06
-3.93998e-07
-3.80049e-06
-1.14672e-06
-3.28996e-07
1.68353e-06
-1.07724e-06
4.03171e-06
-2.07113e-06
5.5297e-06
-3.19286e-06
6.36988e-06
-4.36637e-06
6.7127e-06
-5.54217e-06
6.66244e-06
-6.68354e-06
6.26781e-06
-7.75542e-06
5.5361e-06
-8.71614e-06
4.4528e-06
-9.51138e-06
3.00203e-06
-1.00703e-05
1.18657e-06
-1.03054e-05
-9.50939e-07
-1.01183e-05
-3.3043e-06
-9.41561e-06
-5.67931e-06
-8.14228e-06
-7.77194e-06
-6.33453e-06
-9.16932e-06
-4.18523e-06
-9.40623e-06
-2.08357e-06
-8.12246e-06
-5.48286e-07
-5.33577e-06
-1.69501e-06
-3.32849e-07
2.01638e-06
-1.09149e-06
4.79035e-06
-2.09511e-06
6.53332e-06
-3.22117e-06
7.49594e-06
-4.39426e-06
7.8858e-06
-5.57064e-06
7.83882e-06
-6.72297e-06
7.42013e-06
-7.82782e-06
6.64095e-06
-8.85583e-06
5.48081e-06
-9.76358e-06
3.90978e-06
-1.04868e-05
1.90978e-06
-1.0935e-05
-5.02693e-07
-1.09933e-05
-3.24609e-06
-1.05284e-05
-6.1442e-06
-9.4202e-06
-8.88011e-06
-7.62224e-06
-1.09673e-05
-5.26094e-06
-1.17675e-05
-2.74378e-06
-1.06396e-05
-7.60083e-07
-7.31946e-06
-2.45509e-06
-3.28104e-07
2.34449e-06
-1.07606e-06
5.53831e-06
-2.05457e-06
7.51183e-06
-3.1359e-06
8.57727e-06
-4.24666e-06
8.99655e-06
-5.35094e-06
8.94311e-06
-6.4336e-06
8.50279e-06
-7.48665e-06
7.694e-06
-8.49859e-06
6.49275e-06
-9.44503e-06
4.85622e-06
-1.02798e-05
2.74455e-06
-1.09232e-05
1.40691e-07
-1.12606e-05
-2.90863e-06
-1.11315e-05
-6.2733e-06
-1.03518e-05
-9.65987e-06
-8.7677e-06
-1.25514e-05
-6.37874e-06
-1.41565e-05
-3.52817e-06
-1.34902e-05
-1.04489e-06
-9.80275e-06
-3.49998e-06
-3.22345e-07
2.66683e-06
-1.04785e-06
6.26381e-06
-1.9698e-06
8.43378e-06
-2.95345e-06
9.56091e-06
-3.92991e-06
9.97301e-06
-4.87472e-06
9.88792e-06
-5.78826e-06
9.41632e-06
-6.68146e-06
8.5872e-06
-7.56519e-06
7.37648e-06
-8.4409e-06
5.73193e-06
-9.29026e-06
3.59391e-06
-1.00645e-05
9.14947e-07
-1.06634e-05
-2.30979e-06
-1.09278e-05
-6.0089e-06
-1.06284e-05
-9.95919e-06
-9.50097e-06
-1.36788e-05
-7.36491e-06
-1.62925e-05
-4.38437e-06
-1.64707e-05
-1.41666e-06
-1.27705e-05
-4.91664e-06
-3.31511e-07
2.99834e-06
-1.04109e-06
6.97339e-06
-1.88343e-06
9.27612e-06
-2.71501e-06
1.03925e-05
-3.47806e-06
1.07361e-05
-4.16629e-06
1.05762e-05
-4.80035e-06
1.00504e-05
-5.41313e-06
9.19999e-06
-6.04039e-06
8.00374e-06
-6.71292e-06
6.40446e-06
-7.4475e-06
4.3285e-06
-8.23455e-06
1.70199e-06
-9.0159e-06
-1.52843e-06
-9.66205e-06
-5.36276e-06
-9.93853e-06
-9.6827e-06
-9.49906e-06
-1.41183e-05
-7.9629e-06
-1.78287e-05
-5.19537e-06
-1.92383e-05
-1.87892e-06
-1.60869e-05
-6.79557e-06
-3.85697e-07
3.38404e-06
-1.11441e-06
7.7021e-06
-1.86374e-06
1.00254e-05
-2.4854e-06
1.10142e-05
-2.94806e-06
1.11987e-05
-3.27584e-06
1.09039e-05
-3.51641e-06
1.02909e-05
-3.72727e-06
9.41085e-06
-3.96897e-06
8.24544e-06
-4.30068e-06
6.73617e-06
-4.77434e-06
4.80216e-06
-5.42468e-06
2.35234e-06
-6.24951e-06
-7.03602e-07
-7.18107e-06
-4.4312e-06
-8.0318e-06
-8.83197e-06
-8.43783e-06
-1.37123e-05
-7.85208e-06
-1.84145e-05
-5.7608e-06
-2.13296e-05
-2.4052e-06
-1.94425e-05
-9.20076e-06
-5.39366e-07
3.92341e-06
-1.35734e-06
8.52007e-06
-1.99784e-06
1.0666e-05
-2.33267e-06
1.1349e-05
-2.38889e-06
1.12549e-05
-2.24027e-06
1.07553e-05
-1.97014e-06
1.00208e-05
-1.66261e-06
9.10332e-06
-1.40023e-06
7.98306e-06
-1.26547e-06
6.60141e-06
-1.33923e-06
4.87592e-06
-1.69676e-06
2.70987e-06
-2.39275e-06
-7.60663e-09
-3.4428e-06
-3.38115e-06
-4.75524e-06
-7.51954e-06
-6.03826e-06
-1.24292e-05
-6.67762e-06
-1.77751e-05
-5.78514e-06
-2.2222e-05
-2.90467e-06
-2.2323e-05
-1.21054e-05
-8.85216e-07
4.80862e-06
-1.88145e-06
9.51631e-06
-2.34347e-06
1.1128e-05
-2.24792e-06
1.12534e-05
-1.73903e-06
1.07461e-05
-9.65731e-07
9.98201e-06
-5.52141e-08
9.1103e-06
8.84545e-07
8.16356e-06
1.75352e-06
7.11408e-06
2.45494e-06
5.89999e-06
2.8894e-06
4.44145e-06
2.95349e-06
2.64577e-06
2.53883e-06
4.07054e-07
1.55957e-06
-2.40188e-06
-2.20866e-08
-5.93788e-06
-2.07188e-06
-1.03794e-05
-4.06814e-06
-1.57788e-05
-4.86703e-06
-2.14232e-05
-3.17862e-06
-2.40114e-05
-1.52841e-05
-1.55282e-06
6.36144e-06
-2.7162e-06
1.06797e-05
-2.72092e-06
1.11327e-05
-1.87439e-06
1.04069e-05
-5.27649e-07
9.39932e-06
1.07678e-06
8.37758e-06
2.77378e-06
7.4133e-06
4.44144e-06
6.4959e-06
5.97893e-06
5.57659e-06
7.28934e-06
4.58959e-06
8.26922e-06
3.46157e-06
8.80169e-06
2.1133e-06
8.75018e-06
4.58566e-07
7.96813e-06
-1.61983e-06
6.30549e-06
-4.27523e-06
3.69729e-06
-7.77125e-06
4.18942e-07
-1.25005e-05
-2.47178e-06
-1.85324e-05
-2.89124e-06
-2.35919e-05
-1.81753e-05
-2.59663e-06
8.95807e-06
-3.26765e-06
1.13507e-05
-1.9608e-06
9.82585e-06
2.73537e-07
8.17256e-06
2.84158e-06
6.83128e-06
5.46825e-06
5.75091e-06
8.0104e-06
4.87115e-06
1.03785e-05
4.12784e-06
1.25022e-05
3.45289e-06
1.43097e-05
2.78209e-06
1.57145e-05
2.05673e-06
1.66065e-05
1.2213e-06
1.68431e-05
2.22006e-07
1.6255e-05
-1.03174e-06
1.46134e-05
-2.63363e-06
1.16663e-05
-4.82422e-06
7.29383e-06
-8.12798e-06
2.18622e-06
-1.34248e-05
-1.23209e-06
-2.01736e-05
-1.94074e-05
-2.62304e-06
1.15811e-05
-6.75846e-08
8.79526e-06
4.20697e-06
5.5513e-06
8.37025e-06
4.00927e-06
1.21408e-05
3.06069e-06
1.55079e-05
2.38382e-06
1.84865e-05
1.89255e-06
2.10922e-05
1.52219e-06
2.33281e-05
1.21692e-06
2.51751e-05
9.35117e-07
2.6586e-05
6.45846e-07
2.74809e-05
3.26373e-07
2.77366e-05
-3.36752e-08
2.72174e-05
-5.12498e-07
2.56682e-05
-1.08442e-06
2.27402e-05
-1.89628e-06
1.79195e-05
-3.30723e-06
1.08943e-05
-6.39962e-06
3.17062e-06
-1.245e-05
-1.62368e-05
1.15811e-05
2.03764e-05
2.59277e-05
2.99369e-05
3.29976e-05
3.53814e-05
3.7274e-05
3.87962e-05
4.00131e-05
4.09482e-05
4.15941e-05
4.19204e-05
4.18868e-05
4.13743e-05
4.02898e-05
3.83936e-05
3.50863e-05
2.86867e-05
1.62368e-05
)
;

boundaryField
{
    movingWall
    {
        type            calculated;
        value           uniform 0;
    }
    fixedWalls
    {
        type            calculated;
        value           uniform 0;
    }
    frontAndBack
    {
        type            empty;
    }
}


// ************************************************************************* //
