/*--------------------------------*- C++ -*----------------------------------*\
| =========                 |                                                 |
| \\      /  F ield         | OpenFOAM: The Open Source CFD Toolbox           |
|  \\    /   O peration     | Version:  2606                                  |
|   \\  /    A nd           | Website:  www.openfoam.com                      |
|    \\/     M anipulation  |                                                 |
\*---------------------------------------------------------------------------*/
FoamFile
{
    version     2.0;
    format      ascii;
    arch        "LSB;label=32;scalar=64";
    class       volVectorField;
    location    "0.6";
    object      U;
}
// * * * * * * * * * * * * * * * * * * * * * * * * * * * * * * * * * * * * * //

dimensions      [0 1 -1 0 0 0 0];

internalField   nonuniform List<vector> 
400
(
(0.000220274 -0.000222291 0)
(2.63203e-05 0.000133788 0)
(-0.00130496 0.000523708 0)
(-0.00344839 0.000774346 0)
(-0.00605591 0.000900936 0)
(-0.00884496 0.000936285 0)
(-0.0115823 0.00089853 0)
(-0.0140545 0.00078965 0)
(-0.0160439 0.000602608 0)
(-0.0173254 0.00033252 0)
(-0.0176889 -1.22893e-05 0)
(-0.0169853 -0.000403428 0)
(-0.0151831 -0.000785314 0)
(-0.0124187 -0.00108521 0)
(-0.00902032 -0.0012277 0)
(-0.00548261 -0.00115765 0)
(-0.00238246 -0.000864531 0)
(-0.00024253 -0.000401217 0)
(0.000629303 9.74966e-05 0)
(0.000364061 0.000345965 0)
(-0.000144517 -3.84542e-05 0)
(-0.00181564 0.00174205 0)
(-0.00587553 0.00346062 0)
(-0.0115604 0.0046072 0)
(-0.0181701 0.00519141 0)
(-0.0251078 0.00529883 0)
(-0.0318202 0.00498447 0)
(-0.0377765 0.00425978 0)
(-0.0424529 0.00311644 0)
(-0.045345 0.00156771 0)
(-0.0460227 -0.000310008 0)
(-0.0442135 -0.00234932 0)
(-0.0399055 -0.00428543 0)
(-0.0334332 -0.00578897 0)
(-0.0255047 -0.00653296 0)
(-0.017148 -0.00628917 0)
(-0.00954727 -0.00502952 0)
(-0.00377786 -0.00299887 0)
(-0.000512417 -0.000758267 0)
(0.000221762 0.000663202 0)
(-0.000627627 0.00139816 0)
(-0.00399313 0.00593633 0)
(-0.0108141 0.00986036 0)
(-0.0197382 0.0124684 0)
(-0.0297696 0.0137636 0)
(-0.0401155 0.0138789 0)
(-0.0500153 0.0129077 0)
(-0.0587258 0.0108791 0)
(-0.0655195 0.00780589 0)
(-0.0697099 0.00376575 0)
(-0.0707231 -0.00101769 0)
(-0.0682016 -0.00612242 0)
(-0.0621245 -0.0109279 0)
(-0.0529118 -0.0146823 0)
(-0.0414709 -0.0166473 0)
(-0.0291505 -0.0163046 0)
(-0.0175532 -0.0135807 0)
(-0.00820375 -0.0090088 0)
(-0.00221902 -0.00378004 0)
(-8.75597e-05 0.000149156 0)
(-0.00106748 0.00402595 0)
(-0.00605317 0.012518 0)
(-0.0155293 0.0192304 0)
(-0.0274771 0.0235573 0)
(-0.0406009 0.0256029 0)
(-0.0539643 0.0255832 0)
(-0.066676 0.0236382 0)
(-0.0778609 0.019818 0)
(-0.0866586 0.0141653 0)
(-0.0922496 0.00684113 0)
(-0.0939304 -0.00175361 0)
(-0.0912219 -0.0109024 0)
(-0.084005 -0.0195632 0)
(-0.0726566 -0.0264725 0)
(-0.0581427 -0.0303604 0)
(-0.0420273 -0.0302831 0)
(-0.0263103 -0.0260092 0)
(-0.013054 -0.0183213 0)
(-0.00401214 -0.00909621 0)
(-0.000369723 -0.00127287 0)
(-0.00144977 0.00772459 0)
(-0.00790503 0.021295 0)
(-0.0198301 0.0313018 0)
(-0.0345587 0.0375187 0)
(-0.0505117 0.0403021 0)
(-0.0666471 0.0400178 0)
(-0.0819998 0.0368739 0)
(-0.0956241 0.0309411 0)
(-0.106577 0.0222818 0)
(-0.11393 0.0111249 0)
(-0.116836 -0.0019693 0)
(-0.114628 -0.0159991 0)
(-0.106971 -0.029488 0)
(-0.0940529 -0.0405943 0)
(-0.0767487 -0.0473764 0)
(-0.0567443 -0.048254 0)
(-0.0364559 -0.0426081 0)
(-0.0186495 -0.0313192 0)
(-0.00599322 -0.0169597 0)
(-0.000637656 -0.00361984 0)
(-0.00177441 0.0123666 0)
(-0.00951012 0.0320548 0)
(-0.0235996 0.0458436 0)
(-0.0408057 0.0541275 0)
(-0.0593062 0.0576685 0)
(-0.0779922 0.0570638 0)
(-0.0958747 0.0526188 0)
(-0.111991 0.044421 0)
(-0.125359 0.032524 0)
(-0.134962 0.017175 0)
(-0.13979 -0.00096851 0)
(-0.138925 -0.0206679 0)
(-0.1317 -0.0400515 0)
(-0.117945 -0.0566497 0)
(-0.0982603 -0.0676814 0)
(-0.0742996 -0.0706283 0)
(-0.0488642 -0.064104 0)
(-0.0255927 -0.0487833 0)
(-0.0084425 -0.0278998 0)
(-0.000954646 -0.00701723 0)
(-0.0020352 0.017805 0)
(-0.0108218 0.0445144 0)
(-0.026712 0.0625302 0)
(-0.0460023 0.0730676 0)
(-0.0666818 0.0774369 0)
(-0.0876155 0.0765506 0)
(-0.107839 0.0708463 0)
(-0.126425 0.0604217 0)
(-0.142405 0.0452802 0)
(-0.154709 0.0256142 0)
(-0.162164 0.00207788 0)
(-0.163573 -0.0239757 0)
(-0.157858 -0.0503506 0)
(-0.144315 -0.0739529 0)
(-0.123034 -0.0910112 0)
(-0.0953832 -0.0977039 0)
(-0.0643697 -0.09132 0)
(-0.0345795 -0.0717739 0)
(-0.0117162 -0.042769 0)
(-0.00140231 -0.0117688 0)
(-0.00222079 0.0238647 0)
(-0.0117824 0.0583194 0)
(-0.0290224 0.0809339 0)
(-0.0498854 0.0939003 0)
(-0.072227 0.0992029 0)
(-0.094925 0.0981541 0)
(-0.117087 0.0913639 0)
(-0.137879 0.0789373 0)
(-0.156409 0.0607829 0)
(-0.171619 0.0369509 0)
(-0.18224 0.00796321 0)
(-0.186818 -0.0248794 0)
(-0.183819 -0.0592021 0)
(-0.1719 -0.0913847 0)
(-0.150387 -0.116601 0)
(-0.119977 -0.129372 0)
(-0.0834823 -0.124942 0)
(-0.0462667 -0.10154 0)
(-0.0162189 -0.0627663 0)
(-0.00208164 -0.0183865 0)
(-0.00232087 0.0303382 0)
(-0.0123419 0.0730459 0)
(-0.0303984 0.10052 0)
(-0.0521885 0.116036 0)
(-0.0754809 0.122364 0)
(-0.0991986 0.121301 0)
(-0.122566 0.113681 0)
(-0.144906 0.0996257 0)
(-0.165481 0.0789144 0)
(-0.183349 0.0513719 0)
(-0.197259 0.0172504 0)
(-0.20561 -0.0223799 0)
(-0.206493 -0.0652108 0)
(-0.197895 -0.107325 0)
(-0.17817 -0.142951 0)
(-0.146894 -0.164741 0)
(-0.106019 -0.165124 0)
(-0.0611011 -0.139274 0)
(-0.0223929 -0.0893923 0)
(-0.00312731 -0.0276174 0)
(-0.00233718 0.0369969 0)
(-0.0124943 0.0882189 0)
(-0.0307857 0.120651 0)
(-0.0527343 0.138714 0)
(-0.0760534 0.146067 0)
(-0.0997384 0.145087 0)
(-0.123174 0.136893 0)
(-0.145902 0.121657 0)
(-0.167434 0.0990236 0)
(-0.187069 0.0685374 0)
(-0.203744 0.0300667 0)
(-0.215911 -0.0157473 0)
(-0.221489 -0.0669561 0)
(-0.217922 -0.119722 0)
(-0.202525 -0.167691 0)
(-0.173352 -0.201756 0)
(-0.130648 -0.210937 0)
(-0.079049 -0.185647 0)
(-0.0306913 -0.124296 0)
(-0.00473167 -0.0404792 0)
(-0.00229957 0.04363 0)
(-0.0123315 0.103369 0)
(-0.0303009 0.140626 0)
(-0.0515624 0.161014 0)
(-0.0737898 0.169196 0)
(-0.0960847 0.168236 0)
(-0.118041 0.159622 0)
(-0.139482 0.143631 0)
(-0.160259 0.119803 0)
(-0.180046 0.0873987 0)
(-0.198163 0.0458407 0)
(-0.213374 -0.00481946 0)
(-0.223743 -0.0633252 0)
(-0.226481 -0.126377 0)
(-0.218044 -0.187687 0)
(-0.194789 -0.236967 0)
(-0.15445 -0.259772 0)
(-0.0991871 -0.240106 0)
(-0.0414837 -0.168941 0)
(-0.00717168 -0.058301 0)
(-0.00228999 0.0501196 0)
(-0.0121137 0.118137 0)
(-0.0293443 0.159762 0)
(-0.0490694 0.181904 0)
(-0.0689422 0.190403 0)
(-0.0882384 0.189139 0)
(-0.106832 0.180056 0)
(-0.124893 0.163609 0)
(-0.142686 0.139295 0)
(-0.160369 0.10614 0)
(-0.17781 0.0631291 0)
(-0.194374 0.00964464 0)
(-0.208611 -0.0539684 0)
(-0.217956 -0.125479 0)
(-0.218514 -0.199512 0)
(-0.205178 -0.265702 0)
(-0.172723 -0.306956 0)
(-0.119222 -0.300013 0)
(-0.0548206 -0.223979 0)
(-0.0108174 -0.0827384 0)
(-0.00248335 0.0565712 0)
(-0.0123689 0.13243 0)
(-0.0287213 0.177493 0)
(-0.0461258 0.200304 0)
(-0.0622814 0.208175 0)
(-0.076792 0.205941 0)
(-0.0899303 0.196076 0)
(-0.10229 0.179272 0)
(-0.114597 0.155059 0)
(-0.127546 0.122315 0)
(-0.141647 0.0796677 0)
(-0.157017 0.025875 0)
(-0.173043 -0.0396968 0)
(-0.187937 -0.116288 0)
(-0.198169 -0.200297 0)
(-0.197929 -0.282788 0)
(-0.179286 -0.345901 0)
(-0.135145 -0.359908 0)
(-0.0699827 -0.288234 0)
(-0.0160693 -0.115662 0)
(-0.00322471 0.0635343 0)
(-0.0140417 0.146628 0)
(-0.0297567 0.193458 0)
(-0.0440981 0.215118 0)
(-0.0550327 0.220874 0)
(-0.0628084 0.21664 0)
(-0.0682931 0.205423 0)
(-0.0725899 0.188163 0)
(-0.0769059 0.164461 0)
(-0.0824546 0.133141 0)
(-0.0903664 0.0926165 0)
(-0.101543 0.0411765 0)
(-0.116375 -0.0226933 0)
(-0.134294 -0.0997546 0)
(-0.152972 -0.18878 0)
(-0.167124 -0.283826 0)
(-0.167284 -0.369076 0)
(-0.141236 -0.411407 0)
(-0.0848006 -0.357403 0)
(-0.0231158 -0.158714 0)
(-0.00517179 0.0723883 0)
(-0.0187072 0.161794 0)
(-0.0343103 0.207463 0)
(-0.0445746 0.225119 0)
(-0.0483541 0.226668 0)
(-0.0471129 0.219099 0)
(-0.0425896 0.205809 0)
(-0.0364884 0.18788 0)
(-0.0304792 0.164959 0)
(-0.0262072 0.135871 0)
(-0.0253042 0.0989509 0)
(-0.0293392 0.0522582 0)
(-0.0396515 -0.00628197 0)
(-0.057065 -0.0786867 0)
(-0.0811037 -0.166086 0)
(-0.108419 -0.266626 0)
(-0.130085 -0.369692 0)
(-0.130355 -0.444137 0)
(-0.0948531 -0.423137 0)
(-0.0313313 -0.21251 0)
(-0.00949551 0.0860611 0)
(-0.028715 0.179755 0)
(-0.0442394 0.219109 0)
(-0.0480569 0.228534 0)
(-0.0414719 0.223216 0)
(-0.0280635 0.210862 0)
(-0.0107277 0.194853 0)
(0.00819162 0.176138 0)
(0.0266452 0.154292 0)
(0.0427149 0.128125 0)
(0.0544646 0.096002 0)
(0.0598888 0.0559801 0)
(0.056882 0.00583352 0)
(0.0434467 -0.0570601 0)
(0.0180889 -0.135561 0)
(-0.0188719 -0.231948 0)
(-0.0616082 -0.343307 0)
(-0.0941411 -0.447375 0)
(-0.0928519 -0.473232 0)
(-0.038153 -0.276104 0)
(-0.0178832 0.110489 0)
(-0.046333 0.202211 0)
(-0.0582463 0.226002 0)
(-0.0489867 0.221417 0)
(-0.0258323 0.206477 0)
(0.00456841 0.188371 0)
(0.038181 0.169627 0)
(0.0722714 0.150584 0)
(0.104697 0.130524 0)
(0.133544 0.108184 0)
(0.156864 0.0820277 0)
(0.17251 0.0503076 0)
(0.177978 0.0110181 0)
(0.1705 -0.0383427 0)
(0.147008 -0.101222 0)
(0.104773 -0.182743 0)
(0.044469 -0.28827 0)
(-0.0226692 -0.411004 0)
(-0.0685249 -0.491718 0)
(-0.0374772 -0.345142 0)
(-0.0307541 0.156653 0)
(-0.06744 0.225212 0)
(-0.0581751 0.216297 0)
(-0.0196629 0.192258 0)
(0.03016 0.167646 0)
(0.0829858 0.145478 0)
(0.135151 0.126123 0)
(0.184561 0.108838 0)
(0.229727 0.0924288 0)
(0.269305 0.0755752 0)
(0.301774 0.0569452 0)
(0.325241 0.0351776 0)
(0.337187 0.00878705 0)
(0.33466 -0.0240853 0)
(0.31373 -0.0662111 0)
(0.269495 -0.123133 0)
(0.197431 -0.205815 0)
(0.0980921 -0.32647 0)
(-0.00637662 -0.455908 0)
(-0.0156304 -0.398196 0)
(-0.0280992 0.226986 0)
(-0.0419556 0.223974 0)
(0.0372635 0.165841 0)
(0.126223 0.127481 0)
(0.20661 0.101252 0)
(0.278002 0.081704 0)
(0.341367 0.0668034 0)
(0.397153 0.055029 0)
(0.445552 0.0449902 0)
(0.48644 0.0355296 0)
(0.519187 0.0256933 0)
(0.542586 0.0146517 0)
(0.554558 0.0016019 0)
(0.552735 -0.0141173 0)
(0.533206 -0.034252 0)
(0.490358 -0.0621428 0)
(0.415795 -0.107295 0)
(0.296425 -0.1939 0)
(0.132436 -0.333069 0)
(0.06724 -0.369425 0)
(0.261642 0.137547 0)
(0.324465 0.118312 0)
(0.45577 0.0774766 0)
(0.560686 0.0519646 0)
(0.632967 0.0364188 0)
(0.686232 0.0261897 0)
(0.728166 0.0192571 0)
(0.761935 0.0144349 0)
(0.789119 0.0108529 0)
(0.810531 0.00788771 0)
(0.826335 0.00509625 0)
(0.836157 0.00216068 0)
(0.839178 -0.00120483 0)
(0.834025 -0.00495563 0)
(0.81835 -0.00971863 0)
(0.788821 -0.0163546 0)
(0.737991 -0.0273611 0)
(0.648064 -0.0517993 0)
(0.474727 -0.111398 0)
(0.341587 -0.155801 0)
)
;

boundaryField
{
    movingWall
    {
        type            fixedValue;
        value           uniform (1 0 0);
    }
    fixedWalls
    {
        type            noSlip;
    }
    frontAndBack
    {
        type            empty;
    }
}


// ************************************************************************* //
