/*--------------------------------*- C++ -*----------------------------------*\
| =========                 |                                                 |
| \\      /  F ield         | OpenFOAM: The Open Source CFD Toolbox           |
|  \\    /   O peration     | Version:  2606                                  |
|   \\  /    A nd           | Website:  www.openfoam.com                      |
|    \\/     M anipulation  |                                                 |
\*---------------------------------------------------------------------------*/
FoamFile
{
    version     2.0;
    format      ascii;
    arch        "LSB;label=32;scalar=64";
    class       volScalarField;
    location    "1.9";
    object      p;
}
// * * * * * * * * * * * * * * * * * * * * * * * * * * * * * * * * * * * * * //

dimensions      [0 2 -2 0 0 0 0];

internalField   nonuniform List<scalar> 
400
(
1.27024e-06
-0.00063086
-0.00135023
-0.00190783
-0.00218161
-0.00211605
-0.00168728
-0.000887239
0.000271523
0.00173973
0.00341544
0.00513618
0.00669429
0.00786861
0.00847901
0.00844634
0.0078376
0.00687609
0.00591564
0.00535349
0.000629144
-3.1396e-05
-0.000589848
-0.000972423
-0.00114624
-0.00107588
-0.000738273
-0.00011997
0.000777268
0.00192194
0.00323859
0.00460495
0.00585286
0.00680392
0.00731179
0.00731236
0.00685952
0.00612761
0.00536515
0.00479776
0.00139285
0.00047826
-0.000111833
-0.000452989
-0.0006124
-0.000581742
-0.000342612
0.00012576
0.000838208
0.00178564
0.00291698
0.00412858
0.00526789
0.00615939
0.00664888
0.0066561
0.00621517
0.0054752
0.00462288
0.00381509
0.00197521
0.00073432
2.40606e-05
-0.000356169
-0.000565657
-0.000620381
-0.000504036
-0.000184069
0.000376676
0.00119601
0.00224728
0.0034415
0.00462426
0.00559879
0.00617269
0.00622059
0.00574104
0.00486673
0.00375699
0.00254747
0.00211436
0.000557069
-0.000294218
-0.0007531
-0.0010598
-0.00124772
-0.00129656
-0.00115565
-0.000758646
-5.36033e-05
0.000963824
0.00222484
0.00357016
0.00476978
0.00556906
0.00576493
0.00529077
0.00425174
0.00279447
0.00106831
0.00158515
-0.000249071
-0.00124323
-0.00181156
-0.00226263
-0.00264043
-0.00291447
-0.00300952
-0.00282216
-0.00225565
-0.00126129
0.000127023
0.00175311
0.00335053
0.00457952
0.00511695
0.00478165
0.00361682
0.00175062
-0.000624535
0.000201363
-0.00185538
-0.00298694
-0.00369434
-0.00434195
-0.0049795
-0.00556236
-0.00598564
-0.00610065
-0.0057512
-0.00482071
-0.00329266
-0.00128547
0.000907244
0.00284367
0.00402916
0.00409183
0.00294067
0.000642
-0.00255201
-0.0021793
-0.00439454
-0.00565386
-0.0065295
-0.00743016
-0.00841004
-0.00941016
-0.0102939
-0.0108607
-0.0108801
-0.0101432
-0.00853376
-0.00609761
-0.00311761
-0.000133312
0.0021391
0.00303291
0.00219468
-0.000482132
-0.00469968
-0.00564406
-0.00794877
-0.00932117
-0.010388
-0.0115937
-0.0130006
-0.0145401
-0.0160465
-0.0172646
-0.0178777
-0.017556
-0.0160359
-0.0132266
-0.00933163
-0.00494518
-0.00102838
0.00134013
0.00134919
-0.00150113
-0.00695513
-0.0102134
-0.0125394
-0.0139983
-0.0152569
-0.0167938
-0.0186895
-0.0208759
-0.0231669
-0.0252562
-0.0267348
-0.0271296
-0.0259839
-0.0230044
-0.0182083
-0.0121462
-0.00598376
-0.00129843
0.000393034
-0.00217184
-0.009017
-0.0158384
-0.018126
-0.0196185
-0.0210186
-0.0228519
-0.0252361
-0.0281195
-0.0313077
-0.0344524
-0.0370555
-0.0384919
-0.0380772
-0.0352782
-0.0297886
-0.0219698
-0.0130558
-0.0051102
-0.000593866
-0.002049
-0.0102481
-0.0224162
-0.0246242
-0.0260462
-0.0274446
-0.0294337
-0.0321993
-0.0357249
-0.0398196
-0.0441031
-0.0479971
-0.0507401
-0.0514461
-0.0491875
-0.0433638
-0.033956
-0.022029
-0.00995614
-0.0012624
-0.000349246
-0.00943874
-0.0298381
-0.0319469
-0.0330998
-0.0342055
-0.0360588
-0.0389576
-0.0429355
-0.0478089
-0.0531679
-0.058361
-0.0624963
-0.064479
-0.0631038
-0.0573354
-0.0466753
-0.0317626
-0.0149415
-0.000686143
0.0042906
-0.00444797
-0.0380923
-0.0400768
-0.0405854
-0.0408917
-0.0421362
-0.0447755
-0.0488914
-0.0542925
-0.0605226
-0.0668496
-0.0722571
-0.075465
-0.0750106
-0.0694637
-0.0578071
-0.0400603
-0.0181277
0.00297828
0.014172
0.00824339
-0.0474801
-0.0491756
-0.0483208
-0.0470286
-0.0470167
-0.0489064
-0.0527852
-0.0584062
-0.0652239
-0.0723951
-0.0787655
-0.0828764
-0.0830292
-0.0774549
-0.0646657
-0.0440121
-0.0166267
0.0126068
0.0327877
0.0337599
-0.059089
-0.0597531
-0.0561235
-0.0520768
-0.0500561
-0.0507124
-0.0540224
-0.0595968
-0.0667299
-0.0744161
-0.0813271
-0.0858086
-0.0859305
-0.0796084
-0.0649495
-0.0407063
-0.00710996
0.0318624
0.0646309
0.07846
-0.0759495
-0.0729846
-0.0638757
-0.0555621
-0.0507959
-0.0498571
-0.0524007
-0.0577669
-0.0650099
-0.0729026
-0.0799053
-0.0841397
-0.0834213
-0.0753132
-0.0574954
-0.0281418
0.0133703
0.0647034
0.11507
0.15111
-0.106707
-0.0910363
-0.0716397
-0.0572949
-0.04912
-0.0463817
-0.048136
-0.0532772
-0.0605244
-0.0683945
-0.0751295
-0.0786283
-0.0764402
-0.0657219
-0.0435958
-0.00729389
0.0451781
0.113326
0.191139
0.271673
-0.17823
-0.114528
-0.0747958
-0.0533064
-0.0422383
-0.0384073
-0.0400608
-0.0455211
-0.0531285
-0.061193
-0.0678309
-0.0708225
-0.0675234
-0.0547755
-0.0291183
0.0137204
0.0787103
0.171367
0.299101
0.473315
-0.34498
-0.135755
-0.0555123
-0.0319391
-0.023094
-0.0213078
-0.02506
-0.03248
-0.0417015
-0.0510202
-0.0586191
-0.0623632
-0.05975
-0.0477967
-0.0222043
0.0221348
0.094014
0.211346
0.409392
0.738673
)
;

boundaryField
{
    movingWall
    {
        type            zeroGradient;
    }
    fixedWalls
    {
        type            zeroGradient;
    }
    frontAndBack
    {
        type            empty;
    }
}


// ************************************************************************* //
