/*--------------------------------*- C++ -*----------------------------------*\
| =========                 |                                                 |
| \\      /  F ield         | OpenFOAM: The Open Source CFD Toolbox           |
|  \\    /   O peration     | Version:  2606                                  |
|   \\  /    A nd           | Website:  www.openfoam.com                      |
|    \\/     M anipulation  |                                                 |
\*---------------------------------------------------------------------------*/
FoamFile
{
    version     2.0;
    format      ascii;
    arch        "LSB;label=32;scalar=64";
    class       surfaceScalarField;
    location    "1.9";
    object      phi;
}
// * * * * * * * * * * * * * * * * * * * * * * * * * * * * * * * * * * * * * //

dimensions      [0 3 -1 0 0 0 0];

oriented        oriented;

internalField   nonuniform List<scalar> 
760
(
1.26003e-08
-1.26611e-08
-2.86725e-08
4.12728e-08
-1.22797e-07
9.41242e-08
-2.51516e-07
1.2872e-07
-3.97726e-07
1.4621e-07
-5.47553e-07
1.49827e-07
-6.88942e-07
1.4139e-07
-8.10044e-07
1.21102e-07
-8.98512e-07
8.84678e-08
-9.42214e-07
4.37019e-08
-9.31148e-07
-1.10654e-08
-8.60591e-07
-7.05568e-08
-7.33799e-07
-1.26792e-07
-5.64141e-07
-1.69659e-07
-3.74807e-07
-1.89333e-07
-1.956e-07
-1.79207e-07
-5.66676e-08
-1.38933e-07
1.98788e-08
-7.65463e-08
2.98358e-08
-9.95686e-09
2.98359e-08
-4.31862e-08
3.05252e-08
-2.04779e-07
2.02866e-07
-4.69435e-07
3.5878e-07
-8.03355e-07
4.6264e-07
-1.17185e-06
5.14704e-07
-1.54292e-06
5.20897e-07
-1.88666e-06
4.85126e-07
-2.17392e-06
4.08363e-07
-2.37628e-06
2.9083e-07
-2.46811e-06
1.35538e-07
-2.43085e-06
-4.83302e-08
-2.25743e-06
-2.43975e-07
-1.95814e-06
-4.26081e-07
-1.5628e-06
-5.64995e-07
-1.11993e-06
-6.32209e-07
-6.90341e-07
-6.08793e-07
-3.35247e-07
-4.94027e-07
-1.0059e-07
-3.11204e-07
-1.16955e-09
-1.09377e-07
2.86665e-08
-1.10844e-07
1.41369e-07
-4.04621e-07
4.96643e-07
-8.34425e-07
7.88584e-07
-1.35061e-06
9.78826e-07
-1.90585e-06
1.06995e-06
-2.45623e-06
1.07127e-06
-2.96004e-06
9.88941e-07
-3.37679e-06
8.25113e-07
-3.66782e-06
5.81857e-07
-3.79926e-06
2.66981e-07
-3.74695e-06
-1.0064e-07
-3.50231e-06
-4.88614e-07
-3.07817e-06
-8.50222e-07
-2.51238e-06
-1.13078e-06
-1.86748e-06
-1.27711e-06
-1.22407e-06
-1.2522e-06
-6.66779e-07
-1.05132e-06
-2.64255e-07
-7.13728e-07
-4.83598e-08
-3.25272e-07
-1.96933e-08
-1.74392e-07
3.15761e-07
-5.95785e-07
9.18038e-07
-1.18217e-06
1.37497e-06
-1.86519e-06
1.66184e-06
-2.5863e-06
1.79106e-06
-3.29336e-06
1.77833e-06
-3.93745e-06
1.63303e-06
-4.47117e-06
1.35883e-06
-4.84925e-06
9.59932e-07
-5.03152e-06
4.49255e-07
-4.98793e-06
-1.44236e-07
-4.70466e-06
-7.71877e-07
-4.19108e-06
-1.36381e-06
-3.48529e-06
-1.83657e-06
-2.65673e-06
-2.10567e-06
-1.802e-06
-2.10693e-06
-1.03089e-06
-1.82243e-06
-4.42463e-07
-1.30216e-06
-9.76322e-08
-6.70102e-07
-1.17325e-07
-2.30681e-07
5.46442e-07
-7.67964e-07
1.45532e-06
-1.49678e-06
2.10378e-06
-2.33049e-06
2.49556e-06
-3.20091e-06
2.66147e-06
-4.05046e-06
2.62789e-06
-4.82647e-06
2.40905e-06
-5.47799e-06
2.01035e-06
-5.95542e-06
1.43737e-06
-6.21275e-06
7.06585e-07
-6.212e-06
-1.44984e-07
-5.92913e-06
-1.05476e-06
-5.36278e-06
-1.93016e-06
-4.54304e-06
-2.6563e-06
-3.53928e-06
-3.10944e-06
-2.46159e-06
-3.18462e-06
-1.44959e-06
-2.83442e-06
-6.44485e-07
-2.10726e-06
-1.50115e-07
-1.16447e-06
-2.67441e-07
-2.78126e-07
8.24567e-07
-9.14583e-07
2.09178e-06
-1.76636e-06
2.95556e-06
-2.73122e-06
3.46042e-06
-3.73352e-06
3.66377e-06
-4.71292e-06
3.60729e-06
-5.61597e-06
3.3121e-06
-6.39096e-06
2.78534e-06
-6.98591e-06
2.03232e-06
-7.34915e-06
1.06983e-06
-7.4328e-06
-6.13327e-08
-7.19768e-06
-1.28988e-06
-6.62431e-06
-2.50353e-06
-5.72516e-06
-3.55545e-06
-4.56004e-06
-4.27455e-06
-3.24702e-06
-4.49765e-06
-1.95857e-06
-4.12287e-06
-8.91931e-07
-3.1739e-06
-2.13499e-07
-1.8429e-06
-4.8094e-07
-3.14869e-07
1.13944e-06
-1.02929e-06
2.8062e-06
-1.97901e-06
3.90528e-06
-3.04995e-06
4.53136e-06
-4.16167e-06
4.77548e-06
-5.25365e-06
4.69927e-06
-6.27446e-06
4.33291e-06
-7.17448e-06
3.68536e-06
-7.90171e-06
2.75954e-06
-8.40026e-06
1.56838e-06
-8.61112e-06
1.49522e-07
-8.47818e-06
-1.42281e-06
-7.95664e-06
-3.02507e-06
-7.03108e-06
-4.48101e-06
-5.73844e-06
-5.56719e-06
-4.19233e-06
-6.04375e-06
-2.59442e-06
-5.72078e-06
-1.21069e-06
-4.55763e-06
-2.97382e-07
-2.75621e-06
-7.78322e-07
-3.38889e-07
1.47832e-06
-1.1058e-06
3.57312e-06
-2.12257e-06
4.92205e-06
-3.26722e-06
5.676e-06
-4.45712e-06
5.96539e-06
-5.63401e-06
5.87616e-06
-6.75126e-06
5.45016e-06
-7.76447e-06
4.69856e-06
-8.62499e-06
3.62007e-06
-9.27589e-06
2.21927e-06
-9.65021e-06
5.23849e-07
-9.67426e-06
-1.39876e-06
-9.27533e-06
-3.42401e-06
-8.40059e-06
-5.35575e-06
-7.0474e-06
-6.92038e-06
-5.30356e-06
-7.7876e-06
-3.38347e-06
-7.64086e-06
-1.62642e-06
-6.31469e-06
-4.12467e-07
-3.97016e-06
-1.19079e-06
-3.48668e-07
1.82699e-06
-1.13934e-06
4.36379e-06
-2.18678e-06
5.9695e-06
-3.36451e-06
6.85372e-06
-4.58992e-06
7.19081e-06
-5.80916e-06
7.09539e-06
-6.98307e-06
6.62407e-06
-8.076e-06
5.7915e-06
-9.04724e-06
4.5913e-06
-9.84438e-06
3.01641e-06
-1.03987e-05
1.07821e-06
-1.06243e-05
-1.17318e-06
-1.04227e-05
-3.62561e-06
-9.69855e-06
-6.0799e-06
-8.39295e-06
-8.22598e-06
-6.53844e-06
-9.64211e-06
-4.32816e-06
-9.85114e-06
-2.15999e-06
-8.48286e-06
-5.70601e-07
-5.55954e-06
-1.76139e-06
-3.44341e-07
2.17133e-06
-1.12936e-06
5.1488e-06
-2.16752e-06
7.00766e-06
-3.32996e-06
8.01616e-06
-4.53587e-06
8.39672e-06
-5.73774e-06
8.29726e-06
-6.90651e-06
7.79284e-06
-8.01901e-06
6.904e-06
-9.04777e-06
5.62006e-06
-9.95236e-06
3.92101e-06
-1.06718e-05
1.79759e-06
-1.11178e-05
-7.27103e-07
-1.11768e-05
-3.56668e-06
-1.07131e-05
-6.54355e-06
-9.60115e-06
-9.33795e-06
-7.7866e-06
-1.14567e-05
-5.38978e-06
-1.2248e-05
-2.82053e-06
-1.10521e-05
-7.85032e-07
-7.59504e-06
-2.54642e-06
-3.29261e-07
2.50059e-06
-1.08327e-06
5.90282e-06
-2.07238e-06
7.99677e-06
-3.16577e-06
9.10955e-06
-4.28615e-06
9.5171e-06
-5.39474e-06
9.40585e-06
-6.47528e-06
8.87338e-06
-7.52066e-06
7.94938e-06
-8.52189e-06
6.62129e-06
-9.45821e-06
4.85733e-06
-1.02878e-05
2.6272e-06
-1.09331e-05
-8.18624e-08
-1.12839e-05
-3.21586e-06
-1.11769e-05
-6.65054e-06
-1.04227e-05
-1.00921e-05
-8.85771e-06
-1.30217e-05
-6.46914e-06
-1.46365e-05
-3.59361e-06
-1.39276e-05
-1.06997e-06
-1.01187e-05
-3.61639e-06
-3.12083e-07
2.81268e-06
-1.02097e-06
6.6117e-06
-1.92676e-06
8.90257e-06
-2.89553e-06
1.00783e-05
-3.8566e-06
1.04782e-05
-4.78378e-06
1.0333e-05
-5.67701e-06
9.76661e-06
-6.54843e-06
8.82081e-06
-7.41147e-06
7.48433e-06
-8.27111e-06
5.71697e-06
-9.11285e-06
3.46894e-06
-9.8932e-06
6.98495e-07
-1.05127e-05
-2.5964e-06
-1.08139e-05
-6.34927e-06
-1.05639e-05
-1.03422e-05
-9.48853e-06
-1.4097e-05
-7.3923e-06
-1.67328e-05
-4.42372e-06
-1.68962e-05
-1.4378e-06
-1.31046e-05
-5.05419e-06
-3.09975e-07
3.12265e-06
-9.80248e-07
7.28197e-06
-1.77943e-06
9.70176e-06
-2.56916e-06
1.08681e-05
-3.29255e-06
1.12016e-05
-3.94322e-06
1.09837e-05
-4.54221e-06
1.03656e-05
-5.1237e-06
9.4023e-06
-5.72546e-06
8.08608e-06
-6.38075e-06
6.37226e-06
-7.10919e-06
4.19737e-06
-7.90462e-06
1.49392e-06
-8.71118e-06
-1.78984e-06
-9.40134e-06
-5.65911e-06
-9.74002e-06
-1.00035e-05
-9.37489e-06
-1.44622e-05
-7.91137e-06
-1.81963e-05
-5.19454e-06
-1.96131e-05
-1.89073e-06
-1.64084e-05
-6.94492e-06
-3.54348e-07
3.477e-06
-1.02371e-06
7.95134e-06
-1.70561e-06
1.03837e-05
-2.26112e-06
1.14236e-05
-2.66305e-06
1.16035e-05
-2.93755e-06
1.12582e-05
-3.13375e-06
1.05618e-05
-3.3103e-06
9.57885e-06
-3.52874e-06
8.30452e-06
-3.84889e-06
6.69242e-06
-4.32326e-06
4.67175e-06
-4.98747e-06
2.15813e-06
-5.84122e-06
-9.36094e-07
-6.81782e-06
-4.68251e-06
-7.73214e-06
-9.08915e-06
-8.2192e-06
-1.39751e-05
-7.72349e-06
-1.8692e-05
-5.71249e-06
-2.16241e-05
-2.40227e-06
-1.97186e-05
-9.34719e-06
-5.01317e-07
3.97832e-06
-1.24575e-06
8.69578e-06
-1.80062e-06
1.09385e-05
-2.05063e-06
1.16736e-05
-2.0304e-06
1.15833e-05
-1.81823e-06
1.1046e-05
-1.5001e-06
1.02437e-05
-1.16089e-06
9.23965e-06
-8.83223e-07
8.02685e-06
-7.48109e-07
6.5573e-06
-8.34323e-07
4.75796e-06
-1.21477e-06
2.53858e-06
-1.94569e-06
-2.05173e-07
-3.0394e-06
-3.5888e-06
-4.4094e-06
-7.71915e-06
-5.76644e-06
-1.26181e-05
-6.49481e-06
-1.79636e-05
-5.69467e-06
-2.24242e-05
-2.88424e-06
-2.25291e-05
-1.22314e-05
-8.46254e-07
4.82457e-06
-1.76483e-06
9.61436e-06
-2.13335e-06
1.1307e-05
-1.94352e-06
1.14837e-05
-1.34997e-06
1.09897e-05
-5.08341e-07
1.02044e-05
4.50757e-07
9.28458e-06
1.4174e-06
8.273e-06
2.29318e-06
7.15107e-06
2.98382e-06
5.86666e-06
3.39358e-06
4.34821e-06
3.42274e-06
2.50942e-06
2.96884e-06
2.48726e-07
1.9439e-06
-2.56385e-06
3.11197e-07
-6.08645e-06
-1.79887e-06
-1.0508e-05
-3.86809e-06
-1.58944e-05
-4.7539e-06
-2.15384e-05
-3.14384e-06
-2.41391e-05
-1.53753e-05
-1.52269e-06
6.34726e-06
-2.61949e-06
1.07112e-05
-2.53824e-06
1.12258e-05
-1.60103e-06
1.05465e-05
-1.70566e-07
9.55923e-06
1.50243e-06
8.5314e-06
3.24768e-06
7.53932e-06
4.94154e-06
6.57915e-06
6.48328e-06
5.60933e-06
7.77844e-06
4.5715e-06
8.72767e-06
3.39898e-06
9.21912e-06
2.01797e-06
9.12116e-06
3.46695e-07
8.29145e-06
-1.73414e-06
6.58142e-06
-4.37642e-06
3.9237e-06
-7.85029e-06
5.86795e-07
-1.25575e-05
-2.36443e-06
-1.85872e-05
-2.85147e-06
-2.36521e-05
-1.82267e-05
-2.58625e-06
8.93351e-06
-3.21989e-06
1.13448e-05
-1.85133e-06
9.85723e-06
4.56428e-07
8.23878e-06
3.09854e-06
6.91712e-06
5.79079e-06
5.83915e-06
8.38317e-06
4.94694e-06
1.0782e-05
4.18035e-06
1.29153e-05
3.47601e-06
1.47122e-05
2.77462e-06
1.60892e-05
2.02199e-06
1.69411e-05
1.16603e-06
1.71306e-05
1.57169e-07
1.64942e-05
-1.09775e-06
1.48075e-05
-2.68968e-06
1.18212e-05
-4.86404e-06
7.41405e-06
-8.1503e-06
2.26577e-06
-1.34389e-05
-1.19459e-06
-2.01917e-05
-1.94213e-05
-2.63396e-06
1.15675e-05
-7.27581e-08
8.7836e-06
4.22845e-06
5.55603e-06
8.43853e-06
4.0287e-06
1.2266e-05
3.0896e-06
1.56899e-05
2.41528e-06
1.87167e-05
1.92016e-06
2.13558e-05
1.54122e-06
2.36071e-05
1.22474e-06
2.54504e-05
9.31292e-07
2.68403e-05
6.32131e-07
2.76997e-05
3.06569e-07
2.79187e-05
-6.1775e-08
2.73553e-05
-5.34408e-07
2.57679e-05
-1.10228e-06
2.28108e-05
-1.90692e-06
1.79702e-05
-3.30968e-06
1.09286e-05
-6.3973e-06
3.18474e-06
-1.24479e-05
-1.62366e-05
1.15675e-05
2.03511e-05
2.59071e-05
2.99358e-05
3.30254e-05
3.54407e-05
3.73608e-05
3.89021e-05
4.01268e-05
4.10581e-05
4.16902e-05
4.19968e-05
4.1935e-05
4.14006e-05
4.02983e-05
3.83914e-05
3.50817e-05
2.86844e-05
1.62366e-05
)
;

boundaryField
{
    movingWall
    {
        type            calculated;
        value           uniform 0;
    }
    fixedWalls
    {
        type            calculated;
        value           uniform 0;
    }
    frontAndBack
    {
        type            empty;
    }
}


// ************************************************************************* //
