/*--------------------------------*- C++ -*----------------------------------*\
| =========                 |                                                 |
| \\      /  F ield         | OpenFOAM: The Open Source CFD Toolbox           |
|  \\    /   O peration     | Version:  2606                                  |
|   \\  /    A nd           | Website:  www.openfoam.com                      |
|    \\/     M anipulation  |                                                 |
\*---------------------------------------------------------------------------*/
FoamFile
{
    version     2.0;
    format      ascii;
    arch        "LSB;label=32;scalar=64";
    class       volVectorField;
    location    "1.9";
    object      U;
}
// * * * * * * * * * * * * * * * * * * * * * * * * * * * * * * * * * * * * * //

dimensions      [0 1 -1 0 0 0 0];

internalField   nonuniform List<vector> 
400
(
(0.00025249 -0.000255735 0)
(7.49118e-05 0.000124919 0)
(-0.00133512 0.000549575 0)
(-0.00363704 0.000825391 0)
(-0.00645128 0.000967143 0)
(-0.00946969 0.00101005 0)
(-0.0124365 0.000972928 0)
(-0.015115 0.000856602 0)
(-0.0172622 0.000652464 0)
(-0.0186274 0.000355409 0)
(-0.0189801 -2.38606e-05 0)
(-0.0181623 -0.000451761 0)
(-0.0161511 -0.000865041 0)
(-0.0131111 -0.00118282 0)
(-0.00941505 -0.00132364 0)
(-0.00561067 -0.00123092 0)
(-0.00232345 -0.000899134 0)
(-0.000108175 -0.00039254 0)
(0.000738769 0.000139496 0)
(0.000402794 0.000383554 0)
(-0.000140164 -8.95233e-05 0)
(-0.00192377 0.00183256 0)
(-0.00631318 0.0037111 0)
(-0.0124847 0.00497198 0)
(-0.0196716 0.00562009 0)
(-0.0272168 0.00574627 0)
(-0.0345084 0.00540691 0)
(-0.0409567 0.00461083 0)
(-0.0459802 0.00334823 0)
(-0.0490238 0.00163801 0)
(-0.0496244 -0.000427045 0)
(-0.0475046 -0.00265252 0)
(-0.0426813 -0.00474021 0)
(-0.035553 -0.00632792 0)
(-0.0269191 -0.00706595 0)
(-0.0179116 -0.00672258 0)
(-0.00981045 -0.0052916 0)
(-0.00375257 -0.00306494 0)
(-0.000406358 -0.000668472 0)
(0.00027192 0.000773469 0)
(-0.000677615 0.0014526 0)
(-0.00434408 0.00638287 0)
(-0.0117937 0.0106773 0)
(-0.0215414 0.0135378 0)
(-0.0324883 0.0149591 0)
(-0.0437573 0.0150813 0)
(-0.0545047 0.0140005 0)
(-0.0639062 0.0117449 0)
(-0.0711598 0.00833327 0)
(-0.075521 0.0038662 0)
(-0.0763846 -0.0013881 0)
(-0.0733981 -0.00694389 0)
(-0.0665847 -0.0121088 0)
(-0.0564457 -0.0160641 0)
(-0.0439995 -0.0180258 0)
(-0.0307211 -0.0174698 0)
(-0.0183347 -0.0143679 0)
(-0.00845254 -0.00935074 0)
(-0.00221457 -0.00374868 0)
(-5.59935e-05 0.000306112 0)
(-0.00117435 0.00433019 0)
(-0.00665392 0.0135944 0)
(-0.0170529 0.0209359 0)
(-0.0301347 0.0256597 0)
(-0.0444629 0.0278723 0)
(-0.0589993 0.0278044 0)
(-0.0727556 0.0256034 0)
(-0.0847658 0.0213258 0)
(-0.0940923 0.0150351 0)
(-0.099861 0.0069403 0)
(-0.101344 -0.00247925 0)
(-0.0980763 -0.0124039 0)
(-0.0899874 -0.0216819 0)
(-0.0775355 -0.0289482 0)
(-0.0617977 -0.0328632 0)
(-0.0444705 -0.0324683 0)
(-0.0276923 -0.0275936 0)
(-0.0136427 -0.0191669 0)
(-0.00414013 -0.00927903 0)
(-0.000362188 -0.00112898 0)
(-0.00160502 0.00841182 0)
(-0.00871684 0.0232488 0)
(-0.0218073 0.0341731 0)
(-0.0379141 0.0409187 0)
(-0.0552847 0.0438746 0)
(-0.0727642 0.0434391 0)
(-0.0892858 0.039839 0)
(-0.103815 0.0331649 0)
(-0.115337 0.0235204 0)
(-0.122882 0.0112104 0)
(-0.125585 -0.00309363 0)
(-0.122796 -0.0182534 0)
(-0.114226 -0.0326513 0)
(-0.100126 -0.044314 0)
(-0.0814685 -0.0512025 0)
(-0.060061 -0.0517015 0)
(-0.0384683 -0.0452519 0)
(-0.0196069 -0.032911 0)
(-0.00626543 -0.0175346 0)
(-0.000655058 -0.00356296 0)
(-0.00196171 0.0135386 0)
(-0.0104597 0.0350708 0)
(-0.025867 0.0500806 0)
(-0.0445952 0.0590053 0)
(-0.0646261 0.0626889 0)
(-0.0847336 0.0617893 0)
(-0.10383 0.0566504 0)
(-0.120873 0.0473986 0)
(-0.134826 0.0341528 0)
(-0.144641 0.0172642 0)
(-0.149304 -0.00247212 0)
(-0.147911 -0.0236636 0)
(-0.13983 -0.0442698 0)
(-0.12493 -0.0616678 0)
(-0.103874 -0.0729502 0)
(-0.0784143 -0.0755288 0)
(-0.0514933 -0.068049 0)
(-0.0269294 -0.0513663 0)
(-0.00886762 -0.0290546 0)
(-0.000998879 -0.0071242 0)
(-0.00223219 0.0195151 0)
(-0.0118098 0.0486831 0)
(-0.0290516 0.0682221 0)
(-0.049882 0.0794915 0)
(-0.072085 0.0839445 0)
(-0.0944097 0.0825929 0)
(-0.115802 0.0759395 0)
(-0.13527 0.0641458 0)
(-0.151807 0.047306 0)
(-0.164334 0.02574 0)
(-0.171687 0.000257721 0)
(-0.172684 -0.0276216 0)
(-0.16626 -0.0555279 0)
(-0.15173 -0.0802028 0)
(-0.129205 -0.0977231 0)
(-0.100101 -0.104151 0)
(-0.0675357 -0.0967483 0)
(-0.0362827 -0.0755719 0)
(-0.0123019 -0.0446923 0)
(-0.00147752 -0.0121206 0)
(-0.00240137 0.0261059 0)
(-0.0126938 0.0636162 0)
(-0.0311842 0.0880375 0)
(-0.0534642 0.101807 0)
(-0.0771906 0.107116 0)
(-0.101131 0.105421 0)
(-0.124315 0.0974283 0)
(-0.145861 0.0833385 0)
(-0.164861 0.0631771 0)
(-0.180269 0.0371418 0)
(-0.190839 0.00591962 0)
(-0.195141 -0.0290178 0)
(-0.191653 -0.0651367 0)
(-0.179023 -0.0986588 0)
(-0.156554 -0.124594 0)
(-0.124926 -0.137303 0)
(-0.0869951 -0.131918 0)
(-0.0482771 -0.106715 0)
(-0.0169651 -0.0656315 0)
(-0.00219349 -0.0190684 0)
(-0.00245847 0.0330374 0)
(-0.0130591 0.0793217 0)
(-0.0321269 0.10885 0)
(-0.0550677 0.125225 0)
(-0.0794736 0.131475 0)
(-0.104166 0.129587 0)
(-0.128304 0.120531 0)
(-0.151179 0.104556 0)
(-0.172059 0.0815903 0)
(-0.190036 0.0516235 0)
(-0.203904 0.0150783 0)
(-0.212102 -0.0268176 0)
(-0.212743 -0.0716166 0)
(-0.203794 -0.115276 0)
(-0.183548 -0.151875 0)
(-0.151497 -0.173883 0)
(-0.109535 -0.173522 0)
(-0.06328 -0.145866 0)
(-0.0232789 -0.0933268 0)
(-0.00328083 -0.0287134 0)
(-0.00240858 0.0400178 0)
(-0.0129122 0.0952047 0)
(-0.03185 0.129888 0)
(-0.0545532 0.148851 0)
(-0.0785952 0.156046 0)
(-0.102882 0.154079 0)
(-0.126744 0.144246 0)
(-0.149708 0.126887 0)
(-0.171308 0.101823 0)
(-0.190898 0.0687862 0)
(-0.207482 0.027819 0)
(-0.219571 -0.0202965 0)
(-0.225131 -0.0735033 0)
(-0.221596 -0.127895 0)
(-0.206202 -0.177018 0)
(-0.176861 -0.211596 0)
(-0.133658 -0.220381 0)
(-0.0811477 -0.193499 0)
(-0.0316586 -0.129333 0)
(-0.0049276 -0.0420594 0)
(-0.00228863 0.0467842 0)
(-0.0123722 0.110695 0)
(-0.030525 0.150334 0)
(-0.0520435 0.171653 0)
(-0.0745139 0.179614 0)
(-0.0969644 0.177537 0)
(-0.118947 0.167127 0)
(-0.140282 0.148868 0)
(-0.160856 0.122512 0)
(-0.18041 0.0875295 0)
(-0.198346 0.043526 0)
(-0.2135 -0.00931908 0)
(-0.224013 -0.0696991 0)
(-0.227116 -0.134289 0)
(-0.21919 -0.196787 0)
(-0.196435 -0.246805 0)
(-0.156344 -0.269624 0)
(-0.100845 -0.248804 0)
(-0.0424186 -0.174957 0)
(-0.00740086 -0.0603988 0)
(-0.0021902 0.0531852 0)
(-0.0117376 0.125364 0)
(-0.0286314 0.169424 0)
(-0.0480576 0.192523 0)
(-0.0676475 0.20077 0)
(-0.0866271 0.198309 0)
(-0.104843 0.187336 0)
(-0.122475 0.16855 0)
(-0.139823 0.141691 0)
(-0.157111 0.106018 0)
(-0.174286 0.0607094 0)
(-0.190807 0.00526775 0)
(-0.205297 -0.0599432 0)
(-0.215222 -0.132727 0)
(-0.216671 -0.207788 0)
(-0.204407 -0.274775 0)
(-0.172947 -0.316396 0)
(-0.120025 -0.30888 0)
(-0.0555483 -0.23064 0)
(-0.0110539 -0.0853196 0)
(-0.00229868 0.059316 0)
(-0.0115813 0.139094 0)
(-0.0270706 0.186558 0)
(-0.0436143 0.210354 0)
(-0.0589663 0.217988 0)
(-0.0727149 0.214553 0)
(-0.0851282 0.202792 0)
(-0.0968161 0.183669 0)
(-0.108538 0.156981 0)
(-0.121036 0.121853 0)
(-0.134876 0.0771162 0)
(-0.150243 0.0216495 0)
(-0.166588 -0.0451545 0)
(-0.182171 -0.122635 0)
(-0.193484 -0.207342 0)
(-0.194659 -0.290475 0)
(-0.177566 -0.354123 0)
(-0.134761 -0.368118 0)
(-0.0702927 -0.294978 0)
(-0.0162654 -0.118593 0)
(-0.00296997 0.0657406 0)
(-0.0128967 0.152286 0)
(-0.0272744 0.201398 0)
(-0.0402463 0.224072 0)
(-0.0499144 0.229669 0)
(-0.0565563 0.224329 0)
(-0.0610651 0.211328 0)
(-0.0645693 0.191884 0)
(-0.0682983 0.165874 0)
(-0.0734831 0.132372 0)
(-0.0812675 0.0899976 0)
(-0.0925712 0.037171 0)
(-0.107817 -0.02759 0)
(-0.126465 -0.105152 0)
(-0.146235 -0.194466 0)
(-0.161866 -0.289824 0)
(-0.163806 -0.375527 0)
(-0.13958 -0.418196 0)
(-0.0845197 -0.363532 0)
(-0.023207 -0.161743 0)
(-0.00487577 0.0738811 0)
(-0.017319 0.166085 0)
(-0.0312317 0.213834 0)
(-0.0397388 0.232534 0)
(-0.0419003 0.234068 0)
(-0.0392612 0.225601 0)
(-0.033622 0.210773 0)
(-0.0267205 0.190925 0)
(-0.0202351 0.165969 0)
(-0.0157978 0.134962 0)
(-0.015006 0.0964394 0)
(-0.0193893 0.0485934 0)
(-0.0302775 -0.0106033 0)
(-0.0484664 -0.0832037 0)
(-0.0735141 -0.170531 0)
(-0.102157 -0.270993 0)
(-0.125497 -0.374225 0)
(-0.127692 -0.449047 0)
(-0.0939539 -0.428009 0)
(-0.031261 -0.215297 0)
(-0.00921009 0.0867528 0)
(-0.0272863 0.182478 0)
(-0.04098 0.223633 0)
(-0.0428599 0.234114 0)
(-0.0344767 0.228976 0)
(-0.0195366 0.21603 0)
(-0.00103668 0.198848 0)
(0.0186385 0.1786 0)
(0.0374377 0.155086 0)
(0.0534685 0.127324 0)
(0.0648614 0.0938561 0)
(0.0696886 0.0528738 0)
(0.0659332 0.00221796 0)
(0.051652 -0.0607287 0)
(0.0253336 -0.13896 0)
(-0.0127432 -0.234976 0)
(-0.0568248 -0.346156 0)
(-0.0910413 -0.450386 0)
(-0.0915329 -0.476493 0)
(-0.0379189 -0.278305 0)
(-0.0176922 0.11046 0)
(-0.0451882 0.203444 0)
(-0.0554583 0.228688 0)
(-0.0443862 0.225118 0)
(-0.0194805 0.210539 0)
(0.0124501 0.192172 0)
(0.0472383 0.17267 0)
(0.0820812 0.152545 0)
(0.114817 0.131244 0)
(0.143556 0.10768 0)
(0.166413 0.0804645 0)
(0.181335 0.0479742 0)
(0.185915 0.00827993 0)
(0.177488 -0.0411113 0)
(0.153033 -0.103694 0)
(0.109835 -0.184735 0)
(0.0485578 -0.289847 0)
(-0.0198203 -0.412519 0)
(-0.0671683 -0.493444 0)
(-0.0371642 -0.34653 0)
(-0.0307459 0.156221 0)
(-0.0669564 0.225389 0)
(-0.0566179 0.217479 0)
(-0.0167445 0.194281 0)
(0.0345567 0.170096 0)
(0.0887985 0.147915 0)
(0.142144 0.128175 0)
(0.192384 0.110242 0)
(0.23797 0.0930384 0)
(0.277546 0.0753682 0)
(0.309631 0.0560117 0)
(0.332408 0.0336979 0)
(0.343464 0.00699454 0)
(0.339968 -0.0258917 0)
(0.318077 -0.0677871 0)
(0.27298 -0.124301 0)
(0.200179 -0.206537 0)
(0.100081 -0.327017 0)
(-0.00534148 -0.456533 0)
(-0.0153607 -0.398763 0)
(-0.0282493 0.226541 0)
(-0.0422064 0.22365 0)
(0.0373471 0.166033 0)
(0.127067 0.128175 0)
(0.208498 0.102263 0)
(0.281051 0.0828028 0)
(0.345499 0.067779 0)
(0.402133 0.0557218 0)
(0.451045 0.045306 0)
(0.492063 0.0354433 0)
(0.524568 0.0252466 0)
(0.547393 0.013942 0)
(0.558627 0.000777937 0)
(0.555962 -0.0149584 0)
(0.535589 -0.0349816 0)
(0.492033 -0.062653 0)
(0.416968 -0.107549 0)
(0.297245 -0.193998 0)
(0.132911 -0.33316 0)
(0.067399 -0.369503 0)
(0.261497 0.137371 0)
(0.324067 0.118081 0)
(0.455296 0.0773652 0)
(0.560425 0.0519979 0)
(0.633185 0.0365674 0)
(0.687072 0.026396 0)
(0.729621 0.0194594 0)
(0.76388 0.0145821 0)
(0.791351 0.0109122 0)
(0.812813 0.00784752 0)
(0.828444 0.00496727 0)
(0.837915 0.0019699 0)
(0.840467 -0.00138232 0)
(0.834787 -0.00514217 0)
(0.818687 -0.00988336 0)
(0.788861 -0.0164628 0)
(0.737891 -0.0274029 0)
(0.647964 -0.0517989 0)
(0.474687 -0.111387 0)
(0.341588 -0.15579 0)
)
;

boundaryField
{
    movingWall
    {
        type            fixedValue;
        value           uniform (1 0 0);
    }
    fixedWalls
    {
        type            noSlip;
    }
    frontAndBack
    {
        type            empty;
    }
}


// ************************************************************************* //
